804 631 917 189 673 573 149 433 741 521 635 410 411 361 611 453 245 839 86 407 677 549 24 670 982 930 941 580 897 984 213 754 843 456 462 696 603 253 671 492 892 806 302 368 469 877 387 364 999 401 939 961 734 639 538 798 391 210 623 295 212 750 622 344 870 656 686 365 92 871 431 672 691 176 511 929 478 742 400 485 432 927 240 142 803 990 760 375 513 83 276 916 654 545 108 968 553 180 105 633
743 367 243 968 188 14 111 480 781 500 677 447 170 287 146 560 229 987 435 921 780 528 903 868 282 752 600 757 788 138 975 716 573 337 104 470 37 407 251 107 171 428 241 894 995 962 442 811 899 85 608 365 642 426 406 885 932 36 363 944 60 524 413 805 254 727 142 261 438 578 179 913 704 931 117 166 909 290 572 930 443 199 463 766 50 763 24 430 483 137 630 194 386 978 72 315 940 158 594 701
313 853 515 157 322 309 100 844 29 461 267 172 539 477 80 931 32 861 118 650 606 547 495 448 327 887 67 151 135 705 566 702 33 226 831 709 661 347 571 9 781 279 395 847 809 189 860 452 132 655 19 378 864 932 120 639 44 237 874 531 338 408 708 667 558 479 86 504 218 430 548 619 7 173 701 260 372 386 4 192 324 137 530 435 550 339 596 199 205 817 52 308 72 773 849 15 761 525 867 631
375 65 931 167 448 750 832 497 119 708 887 978 57 156 41 950 930 106 330 940 760 173 515 273 114 499 153 277 935 206 920 814 610 992 220 912 600 733 354 336 999 612 466 724 19 403 782 984 38 731 284 431 138 104 374 746 264 396 545 356 33 653 346 594 597 756 483 611 469 128 361 962 322 793 432 110 798 203 473 627 84 705 160 903 521 914 657 58 461 97 316 490 300 184 455 76 88 197 564 761
91 839 582 107 630 435 230 275 975 569 748 404 271 85 618 807 749 129 247 956 804 16 663 745 49 651 376 79 445 735 29 906 294 127 554 835 360 227 291 359 234 382 683 876 5 403 50 112 857 756 39 68 482 706 315 457 320 94 89 763 687 827 302 826 720 688 309 471 2 328 935 346 159 100 62 971 491 106 854 627 443 503 790 292 114 531 481 620 365 800 317 631 838 955 812 676 713 154 184 134
961 123 146 900 731 556 248 747 828 286 330 260 568 413 282 727 889 773 83 437 597 446 136 214 363 622 916 557 2 285 242 688 825 693 941 429 108 650 840 996 213 30 549 613 879 789 532 122 448 332 349 804 273 60 51 550 714 294 581 128 995 210 144 103 419 26 493 357 304 41 932 192 497 846 748 793 469 751 307 644 860 522 4 994 640 878 259 666 160 517 956 223 906 457 798 112 857 772 53 499
170 357 881 750 957 718 433 29 497 390 22 656 891 354 900 352 413 890 197 70 227 681 172 995 5 714 359 749 818 151 789 84 510 573 322 530 456 77 293 361 606 594 62 623 116 142 811 823 674 337 866 89 610 768 224 596 231 926 826 139 911 436 153 61 585 112 476 444 586 135 443 186 794 649 745 888 697 592 856 241 251 346 253 50 628 117 739 485 148 953 216 102 371 210 307 430 347 566 909 949
416 650 907 44 522 18 309 40 754 51 516 272 663 745 126 541 70 8 670 62 832 743 794 213 863 0 259 915 237 676 923 289 877 336 988 563 918 560 456 500 319 91 919 303 806 731 530 75 739 716 99 97 394 87 838 39 866 52 836 518 492 235 722 751 735 839 10 944 4 584 698 710 990 176 34 292 880 395 538 603 253 315 428 57 844 217 209 993 45 200 814 261 366 686 511 472 847 308 7 729
958 497 560 50 465 199 767 596 241 408 564 666 828 594 907 217 226 413 520 600 588 341 760 195 871 36 261 561 889 68 35 979 229 171 731 913 716 119 22 488 102 216 709 338 146 506 950 732 310 779 976 613 99 164 272 998 870 872 704 463 830 189 786 525 738 993 873 774 369 865 73 132 570 346 299 327 567 439 861 745 980 554 385 721 952 28 158 932 255 799 537 675 770 821 943 888 763 954 937 778
560 101 934 532 286 851 720 400 6 580 314 620 933 27 780 632 274 36 463 207 270 432 63 104 666 287 458 537 648 519 190 600 649 513 786 93 963 740 558 633 777 341 203 980 8 562 420 37 382 589 613 1 436 685 830 197 590 204 972 187 208 922 411 549 728 974 124 347 692 983 139 555 518 346 835 471 343 263 221 496 764 361 642 273 548 680 220 953 219 212 194 258 517 479 353 256 32 245 18 865
488 89 219 992 552 808 904 97 462 938 302 402 909 485 77 559 550 487 679 182 637 131 222 389 256 342 952 849 20 908 107 816 464 996 423 224 890 154 529 425 605 527 929 281 479 609 443 361 842 123 310 473 697 789 1000 771 796 19 191 656 948 169 415 220 325 887 390 831 823 800 172 977 200 812 398 252 882 586 678 754 649 970 907 57 109 56 814 574 825 400 713 29 772 875 167 369 388 497 101 755
352 410 561 395 363 865 631 800 126 787 626 698 419 944 181 778 816 480 114 939 661 137 655 286 108 653 182 442 970 193 393 646 523 530 907 56 948 0 573 274 839 577 842 136 593 587 873 847 330 156 690 317 740 190 730 18 271 829 81 994 945 902 475 159 46 781 134 807 745 506 212 966 178 175 759 253 662 124 351 206 528 468 683 50 790 247 570 110 521 503 154 347 350 383 368 322 428 382 806 11
134 807 1000 949 351 118 567 508 657 799 833 289 777 174 87 24 185 439 133 170 561 510 548 528 840 249 726 788 467 706 954 592 155 924 110 537 596 750 226 585 451 495 177 910 566 610 400 373 607 299 435 125 704 948 969 75 165 973 932 312 544 207 677 823 167 42 554 741 656 385 310 230 437 658 426 588 344 380 90 760 557 828 723 662 328 485 761 693 539 103 874 862 223 702 83 2 861 43 234 62
791 326 53 331 474 816 337 277 799 130 291 127 171 106 87 891 865 478 185 224 567 403 962 137 614 445 634 343 856 540 623 947 833 371 43 896 824 200 285 192 421 37 670 781 586 320 617 91 115 902 783 143 71 191 727 72 556 275 350 869 259 966 631 897 626 753 327 761 512 470 898 241 939 975 447 36 525 472 821 82 260 924 165 274 480 388 926 551 255 994 63 544 936 317 219 311 142 393 250 707
306 384 900 844 774 33 173 38 388 140 556 190 574 825 467 333 417 240 702 737 3 646 392 196 690 529 863 461 294 593 134 984 598 584 867 441 143 454 665 428 269 449 978 511 808 639 36 698 165 673 212 380 904 541 235 75 476 250 148 854 336 650 287 896 771 884 633 133 798 434 239 159 425 679 734 268 716 695 940 84 594 839 238 439 447 45 842 648 421 123 899 348 469 554 1000 994 823 112 493 791
336 311 776 22 967 946 393 790 137 785 908 837 826 951 223 734 424 711 406 658 533 405 751 0 111 954 357 395 51 717 27 521 483 261 606 530 706 175 36 638 737 593 600 157 371 284 206 411 901 283 124 320 669 991 54 143 149 509 786 777 389 47 39 722 668 344 875 546 45 248 684 453 644 227 333 254 338 617 415 552 764 575 843 670 744 855 6 952 164 693 492 778 94 31 540 103 135 775 208 133
719 558 818 534 374 763 975 524 255 87 511 27 968 124 529 62 624 32 599 128 377 265 131 414 669 146 333 987 291 92 977 685 250 260 882 9 247 542 507 541 42 150 455 845 295 520 176 676 904 603 910 596 297 263 886 535 740 93 563 922 565 370 355 501 831 286 318 592 702 798 631 748 570 823 648 388 180 555 626 707 553 148 86 46 221 644 795 52 848 715 847 822 979 106 912 351 699 522 175 59
306 327 608 510 711 515 304 670 943 158 467 198 936 578 303 734 186 56 884 835 926 966 356 368 929 518 139 323 355 411 121 319 745 847 704 473 566 324 380 47 586 881 517 575 980 175 266 714 83 244 428 913 84 680 744 846 865 67 255 386 649 426 185 153 488 683 451 149 540 350 205 279 385 273 179 48 289 196 587 772 161 243 906 169 486 725 177 446 238 503 525 759 812 651 855 27 928 98 828 348
295 847 928 816 471 560 763 360 129 842 402 325 159 227 515 338 82 760 15 537 802 587 976 187 113 593 101 840 878 526 740 418 28 352 556 599 396 682 619 232 94 900 699 97 258 149 815 648 841 568 732 66 596 137 201 398 253 967 190 305 380 722 337 21 640 322 496 987 351 168 11 836 833 259 357 250 424 76 860 520 125 1000 195 184 24 705 834 489 95 810 756 231 78 653 210 509 109 303 472 544
536 513 783 140 680 251 26 120 545 915 430 226 737 871 447 397 778 334 420 41 958 425 466 370 305 291 388 614 391 339 807 70 985 804 179 232 145 890 515 594 622 991 192 84 188 537 508 812 217 446 159 707 589 960 153 358 454 311 963 214 317 429 219 44 142 249 569 834 805 677 259 980 941 119 696 208 125 146 434 51 818 27 739 698 674 29 685 274 162 265 50 551 836 476 740 285 257 316 408 386
440 354 377 557 682 239 471 482 403 295 798 812 987 278 480 561 628 376 340 956 155 612 656 233 585 494 255 965 334 677 691 610 997 292 297 53 69 281 854 267 724 772 590 78 830 4 889 560 625 163 915 395 993 39 169 453 511 434 432 591 283 264 209 96 862 648 256 761 995 495 985 707 274 742 587 33 498 367 864 541 409 598 374 576 240 519 287 675 722 150 417 948 911 981 38 61 322 880 27 117
15 859 508 504 282 160 834 470 594 479 648 612 523 377 969 877 910 378 65 321 736 146 370 190 518 302 741 243 840 548 388 13 624 941 183 576 549 602 770 34 330 830 409 420 77 696 335 972 634 88 127 459 614 797 41 931 545 537 685 419 981 21 865 331 314 515 174 667 861 568 723 582 771 194 727 641 520 385 661 858 608 901 221 375 553 449 76 598 114 372 428 512 461 244 152 59 945 266 37 844
744 286 808 102 65 227 671 942 969 873 685 416 610 494 421 474 176 231 152 847 428 748 402 945 736 203 845 64 856 986 921 42 581 80 90 321 357 991 44 146 864 940 233 575 363 391 706 579 584 660 328 628 868 927 754 928 114 170 469 429 83 73 499 600 106 602 21 139 586 925 861 800 121 67 901 880 665 222 235 946 61 145 966 441 105 336 261 68 252 603 386 654 518 153 97 290 257 418 624 658
112 790 71 110 839 422 170 876 981 950 107 389 329 101 530 891 556 835 564 894 520 513 802 343 801 48 236 189 92 34 380 475 974 223 205 165 450 307 890 258 130 621 253 949 641 411 476 326 940 838 916 628 74 882 96 811 700 247 185 35 988 769 186 33 925 960 687 984 309 419 357 412 196 315 995 829 875 355 926 31 693 187 251 899 636 164 609 252 161 200 272 580 785 177 709 54 795 114 539 488
854 209 305 199 844 83 988 254 352 675 418 670 289 905 971 356 313 851 638 3 514 92 547 113 475 990 2 597 840 102 75 104 848 150 19 48 755 927 324 639 480 443 103 196 896 424 351 531 188 746 857 604 74 240 839 663 825 135 710 311 574 697 760 600 340 176 1 481 251 950 868 94 911 441 47 337 553 310 302 610 964 349 501 259 21 608 558 883 252 18 782 707 578 398 758 526 729 934 267 966
812 992 296 242 665 455 290 136 88 332 985 483 698 24 965 170 741 558 951 31 512 509 279 260 261 341 316 404 692 639 980 771 23 36 737 396 518 399 931 619 158 626 408 747 133 599 635 256 481 584 593 359 320 501 847 666 548 891 761 996 207 220 712 418 339 62 695 477 889 0 139 400 648 780 603 720 284 957 246 467 3 560 383 534 640 625 349 219 244 574 628 323 935 127 912 810 895 658 782 137
514 981 884 112 657 342 495 304 991 501 748 286 241 743 246 143 414 558 791 650 159 974 506 997 959 752 354 603 305 832 149 593 443 281 497 455 734 798 421 824 218 67 951 258 54 529 255 140 804 319 27 425 198 849 190 840 178 952 867 698 210 544 216 802 379 931 989 908 546 327 257 423 154 841 668 288 968 543 839 248 334 620 87 90 196 471 622 339 540 1 19 641 768 171 184 785 280 197 521 787
166 137 299 517 795 339 976 946 809 674 363 596 99 196 957 746 967 944 863 883 949 814 981 708 149 690 262 441 384 333 617 738 578 829 346 780 429 255 471 418 312 320 818 927 129 147 752 575 457 800 402 996 966 280 716 661 665 783 392 226 608 273 235 649 146 465 675 300 734 1000 995 176 701 593 494 47 618 17 518 290 912 492 8 686 90 637 911 777 348 57 925 766 768 114 636 326 600 552 240 693
775 281 906 565 460 614 98 336 300 192 187 712 136 257 74 918 429 157 87 860 800 213 269 385 542 528 960 558 831 848 967 333 803 784 321 847 685 21 16 738 108 987 112 283 301 782 80 649 327 204 176 59 338 479 397 903 826 410 447 56 25 563 972 607 402 680 409 251 270 486 909 805 105 449 529 700 31 625 865 983 190 40 123 663 510 418 156 19 440 812 631 115 316 591 53 392 314 357 708 534
721 76 687 314 200 745 663 491 649 175 754 879 352 310 952 10 648 461 580 436 674 873 830 387 671 603 98 422 294 20 233 640 831 965 472 46 86 989 592 33 150 157 822 677 815 54 591 855 398 439 239 896 1 801 967 2 854 500 799 553 103 300 448 186 892 885 741 502 380 520 322 63 345 766 470 802 744 569 958 703 867 26 353 160 189 814 221 779 100 514 430 599 522 973 746 770 775 583 781 916
940 122 539 817 704 586 983 242 149 182 748 338 345 520 855 752 368 462 161 504 372 405 757 155 725 210 260 443 465 620 949 383 163 531 784 541 998 699 328 194 61 617 687 850 822 404 733 684 558 710 478 705 477 83 265 567 279 386 417 880 284 956 718 732 945 199 568 104 198 559 673 489 763 582 170 709 505 893 213 305 926 737 245 856 154 72 922 821 43 846 958 137 602 435 658 7 964 314 56 316
325 883 628 900 48 559 37 506 810 755 447 769 912 410 821 204 889 873 975 407 391 317 125 771 191 106 677 558 79 246 123 383 97 40 806 850 634 483 590 168 196 267 899 76 318 275 150 96 182 23 183 80 846 316 117 691 924 956 57 135 750 439 369 101 790 305 838 205 646 811 170 993 345 458 536 7 645 272 227 871 269 326 697 11 531 767 491 966 896 511 827 157 58 92 841 436 233 177 854 310
820 299 419 633 196 316 747 79 52 629 943 252 310 810 421 701 305 481 43 504 758 999 946 924 275 23 458 908 650 92 54 590 844 110 17 240 55 127 517 445 610 16 673 613 184 664 263 338 417 669 962 656 833 551 385 234 29 414 344 430 50 804 540 10 644 269 996 38 782 493 75 606 713 520 226 461 846 739 251 878 31 422 325 728 418 834 622 880 692 157 859 400 280 726 405 621 8 256 18 698
360 69 345 791 878 147 222 465 259 701 704 590 679 241 519 823 100 34 499 568 723 175 768 563 408 635 761 849 485 24 418 230 927 917 809 989 105 642 583 738 516 726 479 749 604 383 993 107 600 654 645 882 122 406 555 103 118 440 899 507 752 521 429 264 413 332 569 120 280 74 836 641 128 996 372 856 363 233 759 205 490 544 339 323 998 232 863 248 951 922 877 663 138 796 524 219 598 333 689 868
372 709 2 518 889 617 353 899 313 403 422 936 282 950 968 942 145 543 177 122 808 713 904 853 551 552 377 407 15 375 491 57 576 367 929 370 135 537 961 465 33 413 116 519 544 593 129 64 219 969 148 884 946 605 317 424 363 412 739 529 934 120 725 720 436 480 312 373 990 115 568 337 364 785 399 270 397 930 610 339 286 169 603 417 587 633 483 760 755 926 743 966 361 557 242 562 650 971 382 790
618 554 496 930 367 768 802 379 954 792 376 266 80 449 362 108 277 652 439 817 803 524 775 83 820 832 170 8 287 357 247 658 373 553 157 69 77 322 745 610 999 128 684 207 480 992 857 73 881 565 789 487 648 696 845 389 338 776 787 778 203 12 225 442 393 719 415 700 150 195 939 132 698 120 216 70 892 372 810 572 782 390 397 497 601 164 546 423 928 863 286 630 804 809 986 426 40 675 31 915
952 745 579 873 703 374 810 566 563 947 722 225 60 888 664 170 782 210 812 662 925 549 973 552 556 415 893 386 457 383 208 73 560 422 317 167 469 899 156 927 388 761 825 997 830 397 272 586 883 183 390 444 189 687 602 136 181 669 714 744 505 800 995 561 251 347 934 153 88 252 404 369 489 674 394 133 926 325 689 915 17 63 353 176 93 884 354 731 786 191 169 324 845 822 92 551 429 958 66 742
267 569 469 418 483 585 24 618 211 137 918 875 448 67 860 557 819 446 318 771 352 734 950 768 284 127 201 308 274 914 587 693 482 337 725 509 229 694 930 947 75 43 42 234 109 944 808 311 516 362 660 84 387 350 209 144 251 246 733 988 718 671 883 279 511 964 766 690 152 406 911 437 722 736 590 309 622 282 611 385 264 210 887 340 116 689 167 255 133 514 275 835 915 159 86 432 398 494 65 230
476 169 445 705 739 966 997 69 304 350 867 593 740 378 538 58 596 626 90 388 808 402 587 733 898 877 346 984 901 507 936 353 831 44 745 361 280 915 542 238 473 799 135 974 13 365 143 35 979 664 25 306 102 478 550 855 652 839 403 662 843 751 556 650 700 741 115 921 28 643 347 875 638 289 879 695 735 241 387 436 120 572 294 954 983 941 827 440 8 352 613 67 583 801 299 196 776 630 899 83
232 91 969 480 432 359 117 291 349 807 749 698 977 900 820 417 411 177 300 927 625 358 155 485 708 522 386 614 347 139 971 681 167 207 704 77 110 11 118 40 742 622 332 568 450 519 715 858 165 556 791 160 458 856 214 192 940 599 212 886 375 470 159 912 938 126 884 891 338 181 135 646 387 55 435 141 360 395 56 855 476 24 264 189 492 962 551 121 536 9 508 980 143 90 298 515 992 620 696 442
594 339 681 292 304 836 606 266 725 373 390 467 1 97 922 381 392 208 153 191 779 246 211 3 703 587 179 953 540 915 405 923 166 502 35 614 348 388 136 844 452 901 758 946 408 17 280 981 215 118 67 717 238 404 507 342 578 656 419 140 639 944 78 18 826 890 650 820 432 795 617 30 435 841 447 560 338 201 98 346 997 74 495 242 609 672 254 748 374 485 891 371 857 503 515 276 568 121 7 520
742 540 748 970 815 557 859 654 34 149 908 566 536 653 300 962 812 47 623 787 880 45 66 490 514 165 743 798 336 199 898 597 214 29 790 226 151 671 783 727 837 931 823 583 709 602 416 376 196 907 902 292 645 826 181 227 643 895 326 117 80 980 726 182 421 403 686 766 660 750 532 910 735 210 791 360 49 842 715 797 702 587 1000 934 37 544 884 827 445 231 442 362 919 22 430 96 6 364 185 699
376 505 709 665 545 929 765 359 358 734 646 502 238 333 260 305 117 86 205 974 715 785 431 888 781 654 178 576 26 849 82 896 807 605 228 141 922 782 420 657 960 499 344 627 13 27 37 758 74 194 887 78 429 50 406 106 218 357 180 639 805 225 504 558 596 943 235 111 64 897 172 257 679 483 547 955 535 462 506 801 968 967 862 426 763 690 803 918 835 475 313 10 681 72 446 956 586 850 908 142
237 791 374 706 771 266 758 437 270 245 589 86 877 839 370 185 618 851 398 815 68 860 906 988 684 789 691 588 640 154 397 617 779 844 716 721 37 633 72 56 705 848 595 334 800 233 419 247 731 910 637 989 129 960 715 106 70 268 797 467 730 908 603 782 813 924 167 642 79 694 838 884 831 236 439 687 98 990 774 193 428 836 914 580 372 295 900 122 230 15 165 100 764 965 652 868 951 113 445 450
79 981 187 217 997 391 848 63 519 302 900 389 70 723 649 311 392 385 960 688 907 306 651 368 4 855 222 203 479 891 864 14 180 46 237 168 764 369 520 836 96 352 825 634 213 610 893 229 88 662 843 86 437 274 774 35 278 721 317 445 810 412 532 257 935 506 570 544 6 559 343 814 685 25 783 549 190 47 65 770 502 866 167 761 505 97 194 481 211 459 785 93 754 945 341 835 938 589 220 130
679 163 324 598 334 311 707 348 225 734 836 205 701 263 998 120 894 808 260 363 738 672 133 220 371 992 43 342 830 783 864 31 691 678 562 210 978 492 370 764 769 75 901 10 487 90 589 543 705 463 211 233 39 599 70 784 1000 948 573 444 974 614 468 339 767 887 963 259 664 383 344 201 759 289 314 507 359 915 452 977 848 397 441 453 610 381 144 164 790 108 776 57 154 199 726 338 725 501 789 856
520 905 340 81 338 506 121 595 674 545 993 561 315 982 19 898 857 597 536 418 451 867 716 100 632 260 811 170 509 250 311 85 552 726 345 118 964 706 720 523 29 673 95 970 756 128 350 507 963 142 309 738 308 664 446 694 220 862 864 565 854 859 453 466 386 679 110 769 36 295 944 819 72 186 907 434 927 782 797 450 189 525 978 818 699 470 629 941 355 566 719 554 712 379 892 398 63 414 563 615
666 721 312 231 150 195 49 989 487 948 198 222 879 676 876 419 848 465 343 244 548 726 719 595 66 997 341 186 210 411 297 702 774 773 424 107 142 313 517 199 878 242 664 88 579 868 984 134 697 706 151 606 811 900 241 758 173 742 475 105 159 963 691 946 29 554 696 349 853 372 863 959 113 378 525 549 931 272 336 334 275 570 542 360 928 202 434 213 810 182 239 586 638 325 645 975 345 208 633 235
683 515 129 571 755 402 477 810 536 694 844 807 496 501 798 689 266 649 645 954 43 973 990 657 13 889 38 999 823 922 224 640 980 614 600 17 454 558 121 330 34 351 442 177 419 305 796 921 805 762 29 88 303 135 15 271 294 722 971 467 825 914 639 89 975 173 911 958 424 189 93 541 405 172 790 492 460 877 292 552 459 362 440 19 799 278 952 546 251 312 176 642 253 463 323 651 631 254 979 376
937 644 93 713 580 360 204 739 518 371 175 962 664 65 955 195 384 248 922 474 632 907 432 151 678 697 858 919 293 932 844 130 973 274 531 836 573 909 272 198 694 96 67 609 886 714 112 554 327 333 373 551 142 292 424 519 983 645 683 539 771 807 73 268 852 173 776 62 390 765 464 889 33 571 23 549 291 223 555 553 653 618 544 55 453 849 802 824 953 873 748 770 435 986 550 312 929 516 934 471
954 965 874 392 278 139 994 81 614 957 540 661 421 710 560 224 62 664 567 717 33 646 188 634 257 791 282 733 314 305 703 980 861 366 707 701 578 775 974 921 85 855 638 808 124 486 649 679 481 659 409 54 765 94 408 142 516 753 455 628 372 844 695 745 265 796 625 461 16 66 204 251 613 852 5 969 336 620 849 41 163 474 360 782 389 370 236 583 848 764 151 281 252 387 735 379 521 544 469 206
750 717 41 423 963 894 364 843 729 203 765 312 828 215 576 827 981 502 607 705 429 814 603 356 317 918 263 176 195 614 375 908 630 845 850 569 689 386 882 623 931 953 532 673 396 940 199 738 962 913 497 153 235 39 930 622 749 559 22 169 792 280 719 518 194 640 345 132 221 474 128 268 412 452 261 627 872 28 983 57 238 354 682 658 495 819 117 201 579 955 322 29 789 81 929 9 226 222 24 79
168 430 993 868 706 94 894 856 422 391 918 861 933 513 156 994 268 371 722 660 159 225 936 737 991 652 307 239 966 203 59 133 838 881 789 28 885 723 403 915 825 102 362 910 192 879 380 257 586 582 829 424 795 149 730 924 464 893 585 60 410 152 354 226 990 995 754 613 668 141 379 713 174 413 568 345 905 348 866 342 931 653 608 692 617 733 687 20 405 614 146 575 928 562 629 74 492 36 325 106
14 291 720 933 979 102 48 723 50 305 908 659 30 199 216 28 260 724 205 814 674 273 231 371 677 111 974 540 768 808 373 955 202 442 424 939 138 498 793 914 910 615 545 783 529 528 497 241 40 400 487 226 290 127 995 381 452 380 266 719 188 491 211 223 847 70 557 936 193 18 39 328 466 414 265 942 37 370 994 0 397 572 699 840 392 978 416 744 217 190 900 237 970 924 595 722 505 640 229 623
69 869 618 522 456 776 932 329 609 344 175 150 537 518 809 654 597 253 871 645 846 701 372 536 332 958 950 10 403 285 842 490 62 85 924 473 279 303 989 4 606 901 562 429 626 585 236 40 190 661 599 341 757 413 818 127 138 578 331 689 558 691 930 752 899 416 533 502 327 517 551 22 639 785 300 623 287 34 574 655 414 395 488 187 357 699 935 671 420 724 748 326 789 227 565 256 621 827 48 313
59 440 112 173 348 426 289 249 286 61 844 744 29 700 362 985 153 764 691 377 311 265 21 500 797 12 170 310 658 918 45 805 521 904 705 944 687 961 205 793 46 180 370 401 18 272 485 675 25 907 536 909 492 6 341 317 308 261 253 396 776 505 525 355 953 229 13 458 195 122 538 474 583 602 214 984 72 270 745 237 198 922 721 318 367 400 206 334 857 394 34 238 305 632