36 46
39 38
16 14
26 19
16 41
8 42
11 32
45 25
25 16
49 9
41 32
20 39
35 30
10 16
20 43
45 4
30 23
3 16
26 38
40 5
31 7
6 47
12 26
16 20
11 6
27 34
3 26
38 39
28 15
22 29
21 16
38 12
35 29
47 42
23 20
40 42
35 1
24 2
27 47
47 28
40 12
6 35
49 39
7 16
19 27
25 3
40 38
45 30
33 16
25 17
2 4
6 12
30 41
27 22
12 6
49 45
1 37
26 38
26 32
34 27
45 20
18 34
7 32
29 7
16 42
9 16
42 50
2 30
20 31
15 47
20 16
22 25
8 5
30 11
35 50
48 37
44 39
29 33
16 25
8 11
6 36
34 10
11 36
17 46
32 1
8 46
47 44
35 46
1 35
3 4
39 47
32 41
14 34
48 19
47 22
48 46
34 44
47 16
42 27
1 6
50 4
6 24
26 45
25 1
14 36
45 8
22 19
39 48
6 35
39 19
50 17
25 34
47 39
13 2
48 28
41 19
29 6
43 42
34 1
22 30
30 49
22 45
38 29
41 28
50 13
8 10
9 11
12 34
5 42
34 3
31 41
12 31
30 13
30 47
36 33
7 43
17 32
24 25
19 2
20 35
1 8
49 47
43 8
41 34
46 43
24 25
34 29
49 15
18 49
10 19
50 32
33 37
43 34
26 37
2 3
8 18
32 34
7 17
31 15
36 13
5 20
35 27
21 43
25 49
39 32
37 36
45 47
49 24
41 23
28 14
15 23
18 37
42 41
3 29
50 10
37 49
49 28
39 41
21 16
5 24
23 9
17 19
37 48
48 43
20 1
16 15
30 27
42 34
44 50
39 48
48 27
32 25
5 23
36 15
21 13
43 47
26 7
16 40
30 36
8 40
17 15
20 3
47 48
50 27
18 12
12 41
11 41
17 26
15 18
15 8
35 9
49 2
40 10
29 17
34 48
48 21
14 31
22 43
41 5
2 29
3 32
33 36
46 2
45 24
50 11
21 43
36 24
17 22
43 38
23 41
5 18
34 50
37 25
1 47
10 8
10 12
12 29
2 8
9 15
33 31
22 29
49 12
24 21
28 8
8 29
23 17
41 12
44 14
46 25
12 50
18 25
37 28
31 12
2 15
23 3
7 49
28 49
2 15
40 3
34 3
9 41
48 43
47 39
42 45
20 16
40 30
46 3
26 3
11 22
5 41
42 35
13 18
19 2
4 13
15 47
27 29
19 42
47 22
49 47
15 5
35 31
22 38
32 16
43 46
49 24
43 3
29 35
11 10
23 21
5 50
41 22
39 24
14 21
29 49
47 11
5 37
3 43
9 22
43 31
40 24
34 18
30 45
4 33
32 50
1 32
8 37
18 13
21 31
49 17
3 5
27 12
45 40
25 32
6 33
26 45
19 14
34 6
2 34
1 18
46 43
25 26
34 40
49 2
5 21
20 21
7 50
14 28
22 43
48 17
10 45
18 1
28 38
22 21
19 21
17 44
13 34
49 10
26 28
8 22
49 2
9 25
35 16
50 36
35 26
23 32
44 13
4 24
46 43
13 34
50 16
22 44
15 44
14 15
33 5
4 43
7 23
21 32
18 6
49 42
28 1
19 1
27 14
28 34
39 5
33 19
22 48
45 20
22 49
8 50
48 44
32 44
49 33
42 29
21 41
11 47
7 28
21 42
15 7
15 31
1 33
40 46
15 28
50 12
9 38
25 39
26 40
28 9
49 32
15 49
9 50
42 13
42 50
42 26
21 49
31 39
17 6
1 10
8 50
9 12
12 1
16 49
43 6
36 32
10 20
41 47
15 13
12 3
33 39
36 9
31 10
41 43
27 48
39 33
41 16
22 34
8 3
44 27
12 9
8 21
17 24
29 35
17 24
2 5
21 38
33 45
36 31
2 39
26 23
23 1
30 40
34 9
1 3
18 10
46 41
6 5
47 50
34 33
13 8
1 35
16 29
27 45
50 1
20 25
12 4
21 27
26 41
49 43
23 34
14 46
19 14
6 29
33 26
49 2
16 27
3 28
5 43
27 15
21 5
39 48
27 45
22 9
44 36
17 8
27 19
23 25
6 3
3 4
40 41
33 17
8 1
23 29
46 4
41 42
30 4
36 26
49 15
20 47
47 1
45 39
15 49
33 2
30 37
10 41
17 47
48 34
42 10
8 32
28 29
7 39
41 20
5 22
29 42
30 12
43 22
22 8
49 43
23 34
4 33
18 7
42 23
50 30
47 49
8 23
5 17
36 12
37 47
18 39
16 29
23 13
39 47
9 15
15 46
42 47
44 22
32 23
21 3
42 16
1 17
26 36
8 21
45 23
11 22
14 44
45 12
46 26
39 45
21 3
1 42
8 6
44 10
42 41
5 39
28 1
39 42
47 30
24 28
4 19
11 29
46 37
14 30
6 5
33 28
50 37
24 1
32 46
33 18
40 22
36 30
28 18
32 50
47 7
21 11
50 27
41 40
4 17
11 23
25 37
18 33
33 39
29 8
35 22
4 36
12 47
5 3
1 8
24 27
17 42
21 41
39 6
6 36
3 14
2 47
50 19
18 12
36 22
21 19
8 43
32 41
20 38
36 19
1 7
11 30
47 17
23 44
24 5
23 19
17 18
7 43
32 41
49 8
41 11
10 14
16 20
8 36
43 12
13 8
47 35
1 40
22 23
11 37
48 21
6 46
42 15
2 15
40 18
5 47
25 22
48 5
44 20
8 4
33 7
44 21
16 34
15 6
43 23
20 48
42 21
8 15
36 21
16 46
7 44
19 5
2 30
40 50
42 28
21 19
38 47
8 30
10 34
29 42
12 50
40 27
11 49
29 28
10 13
43 25
41 28
12 36
13 41
13 46
45 36
16 44
4 13
19 42
8 6
36 19
21 11
6 30
10 38
37 18
22 14
29 12
25 30
25 32
8 5
4 11
50 26
27 28
27 14
2 23
31 25
23 20
13 21
3 14
9 6
28 46
13 26
5 50
3 14
38 6
16 37
29 23
50 33
27 48
16 19
40 27
40 27
12 1
16 30
2 12
6 17
11 10
14 37
48 47
49 7
11 38
18 19
40 28
24 44
49 50
14 31
40 3
7 17
9 20
27 37
23 11
20 27
42 1
44 6
10 4
7 36
3 14
45 48
10 23
25 3
46 24
44 5
12 13
45 18
32 12
20 19
38 1
33 21
21 40
39 37
44 41
5 10
3 42
47 45
17 19
14 33
14 19
20 29
22 45
2 26
46 49
42 47
25 50
28 6
40 2
18 2
26 18
31 41
41 23
15 41
1 7
10 21
8 31
9 37
7 24
9 44
34 11
32 45
35 16
10 47
7 30
35 43
36 49
2 27
11 5
22 11
2 1
23 50
32 25
20 29
35 33
23 39
9 8
19 36
21 18
10 44
37 20
3 28
35 50
30 39
7 33
5 45
45 32
34 43
14 6
42 50
41 33
41 19
17 42
30 43
48 9
38 2
42 48
48 7
49 5
18 10
23 19
22 5
1 7
42 29
35 18
4 14
47 46
2 18
11 36
5 2
6 20
15 6
44 39
1 48
19 31
22 4
23 41
23 36
22 3
14 22
29 48
8 1
48 42
21 19
49 18
39 3
27 1
39 42
20 19
44 1
47 24
38 39
11 13
13 2
14 20
2 22
5 36
39 5
3 10
31 50
38 13
39 44
35 25
9 10
21 7
29 19
41 26
27 21
24 36
15 22
50 35
3 4
39 38
18 49
40 25
30 13
8 31
25 22
44 14
20 42
26 45
1 31
12 47
16 10
42 40
12 11
50 39
4 32
35 47
40 34
2 15
20 40
36 39
28 16
15 2
26 32
30 47
42 38
9 39
24 17
46 49
13 29
15 20
2 4
46 3
25 48
15 30
49 36
42 29
20 40
40 13
14 42
9 3
41 17
12 31
50 12
13 12
21 20
29 14
27 9
43 10
42 13
20 6
24 11
48 28
48 3
4 33
25 37
1 22
31 3
42 38
4 18
47 24
37 46
5 48
40 34
26 14
3 12
47 19
7 18
24 45
29 39
6 28
18 26
13 7
2 13
19 27
34 5
25 3
8 19
8 36
34 31
15 30
5 26
42 15
28 50
8 35
17 44
4 46
25 39
13 42
30 36
47 43
12 11
12 16
21 10
48 1
13 2
4 36
49 44
43 12
34 24
4 24
50 1
1 44
44 37
22 36
50 24
36 25
16 39
47 22
28 30
47 25
6 40
37 47
43 48
12 28
28 17
16 38
26 7
26 18
45 39
49 25
35 24
50 4
43 14
27 49
40 25
10 45
43 16
45 8
24 30
5 34
3 48
28 24
12 32
43 49
23 1
15 41
22 20
12 7
3 40
24 25
39 50
24 46
8 6
13 3
48 17
33 31
19 35
20 6
15 12
25 18
29 27
18 5
22 38
24 19
31 21
34 18
44 42
36 26
18 25
2 4
18 10
13 43
3 43
36 41
19 6
17 44