0 2822 2921 2139 5233 4632 3765 1442 9640 1562 3242 9540 2410 420 7105 3508 2260 6582 123 799 213 6757 5956 2216 5631 7563 8113 5111 9926 469 6066 5221 1877 3946 5536 9423 8941 7568 5987
1 7136 2098 6261 8364 6796 7648 2141 3671 6731 3573 9078 4145 5843 8877 5412 2116 4147 8482 5027 1413 4934 9513 5422 4787 4016 9009 1357 622 6774 4613 1978 8810 6932 7553 1875 8816 9307
2 3117 2734 3060 3171 6765 3322 2353 5896 6816 173 9310 9954 6277 8794 7032 2948 6510 2004 2730 9796 1598 3535 9587 5841 3142 7403 3933 7266 9605 351 9022 859 7100 3668 7004 224 9914
3 835 7833 7576 8440 7331 2195 2930 4355 941 7840 5911 8483 4262 7328 1589 1436 1261 2171 5426 6438 4051 1341 1702 6957 8048 3658 7665 6858 149 9582 516 9452 7934 2528 1911
4 8450 2772 660 2864 4507 9811 2343 3347 1674 7028 8423 5401 1032 373 1899 8976 1034 3464 2560 8148 6453 4149 5205 8321 9085 8312 579 4445 5922 9193 3706 344 8409 2907 953 8879 85
5 2603 1785 493 862 5195 1051 2614 8439 9708 473 3513 793 974 3336 4293 2656 9309 603 1458 9595 9830 7437 8900 5986 3337 1356 7274 4569 1731 7583 121 2170 9991 2850 8932 7492
6 9670 5260 8854 7613 4757 2396 8471 1293 236 8679 7675 4017 465 9919 9482 6976 5411 2354 568 4414 112 4570 440 759 8817 6525 6886 1514 2865 5728 1728 1798 624 2925 8265 4300
7 1959 2635 2440 9561 8026 3005 8327 5066 3267 4703 4950 1167 4341 7835 3794 3606 911 5428 4423 5230 4776 4819 8028 2910 2723 4886 3296 8676 1658 5180 948 4646 1975 4224 1727 362 8618
8 6933 2922 3709 1425 6857 7894 8833 7845 53 6616 4642 530 8476 8330 7672 1742 5108 4090 947 9716 1456 2484 2899 6964 5164 4216 8557 7659 7520 1378 7810 103 1027 9109 9741
9 333 5634 3423 6980 8073 9304 7279 4573 3049 8569 8264 6750 5071 6697 4732 1747 1544 3377 9177 623 4207 6884 1640 1366 5458 3900 4932 3980 8772 8802 8219 6447 3226 8402 8887 7796
10 6599 2446 6198 7883 4433 854 9079 4144 6211 4858 7872 1433 7931 1118 1749 5329 1618 7589 198 2845 169 7888 9525 1073 7373 5469 8405 3591 9433 9686 6366 9579 9916 6157 5240 2288
11 2234 7245 9328 5595 5153 2293 2746 1994 6727 674 6186 2947 2068 5420 4002 8666 2576 2342 7757 4538 5242 8041 4604 2515 9639 5141 7933 752 8770 3157 6573 4890 7322 6055 7364
12 8033 4172 6812 3782 3575 3264 6410 8663 2439 466 1420 3802 230 5238 5064 310 2092 7682 7233 669 9214 8310 4305 2598 1335 5203 6342 8633 7717 8749 1428 6823 4881 3021 5453
13 8103 3042 2452 8152 446 5895 5520 9625 2468 3741 1194 670 51 7727 8562 1919 7620 157 604 8982 381 1910 2974 3029 9493 8951 5184 2953 1181 240 8918 2781 5988 2980
14 6428 2368 7080 9764 7329 9236 627 238 6826 5506 4880 5277 9260 8318 4720 8939 6192 3132 2882 2872 5594 649 6526 591 4668 4308 1646 2597 3752 7517 439 2516 9188 4594 9346
15 45 5266 1711 7566 68 3951 5460 9462 6221 6409 689 5568 5781 1166 9964 7237 7612 6228 5299 407 4164 481 608 8856 725 6679 8763 2065 8736 41 8225 9018 6135 7234
16 9475 3039 1134 671 5336 8543 6699 4777 721 1441 164 5177 4348 9737 3608 2426 8558 1952 863 585 2949 5037 211 8429 6199 5271 5004 9972 3688 5629 20 1263 7817 8387 4184
17 6440 6613 691 3452 8027 6150 952 2775 8933 9795 7660 9308 8689 4064 644 92 1352 7363 5978 2692 8702 9929 5605 6937 6126 5824 312 1930 4297 2523 9383 1345 511
18 1434 5876 3183 3265 9037 5815 4607 5724 7621 4221 8553 4545 5425 3742 8008 39 9303 7740 4943 5477 7159 6512 5554 2208 3964 8809 2421 9004 7595 77 47 4461 1522 2783
19 1179 2758 4115 3179 5653 2916 7976 3036 4530 2868 3520 6473 6515 5793 9857 2184 1490 9672 3271 8990 6170 2309 9266 2665 2871 1949 6592 2160 2250 651 1943 6762 282 2623
20 156 5959 9581 5955 8134 3560 1608 1515 4903 43 888 5822 4095 2924 5291 8231 1467 4371 8362 7212 2697 595 4924 5616 3597 6477 6548 6911 3351 2844 4437 6513 9860 4275
21 1566 5604 8407 7539 479 3268 4976 6580 9055 8328 5315 1326 6711 5311 1460 9906 412 4723 5346 6530 4106 247 4451 6247 2641 9840 3572 4336 6141 7544 8830 1079 6974 3107
22 9151 9861 5645 846 9131 8745 7575 5654 9494 6866 1525 6160 4888 5036 7068 9466 4081 9185 2893 66 3073 904 4541 8984 6691 748 9715 6465 2434 1237 1393 9586 2059 2810 6614
23 4467 9738 2150 5046 9688 5206 2228 2965 2036 4096 513 6215 8642 1545 7336 4591 3721 8390 9367 1530 1783 9323 3928 7425 4359 7640 1463 2102 6848 9819 8955 5936 8061 9505 2213 3375
24 9832 3516 8372 9718 7173 6493 434 9907 7022 1344 3647 5301 110 7503 1754 2780 1701 2428 2348 3672 5394 834 1652 5103 3217 2605 317 4296 1874 634 6153 5054 7362 2719
25 8725 389 1753 8927 5511 6983 6313 8937 2710 1342 9725 8541 3320 2629 5309 1920 6811 5122 3152 9823 2110 4085 100 6589 4225 7454 4342 9813 4531 638 7246 2532 212 3767
26 3883 8980 8948 8977 2971 9095 3412 5912 7777 8263 8876 5100 878 6252 5282 4583 1507 2006 5479 8720 7103 4499 9746 1200 2476 1447 5408 6745 5937 2902 5178 7260
27 7318 5455 3153 5324 5476 8324 7116 7773 4323 7751 7111 4055 6188 6918 6238 609 8038 7557 3525 3641 9103 8171 244 6132 9843 1982 880 6569 105 2308 4592 4556 3080 519
28 7678 7643 7313 4796 4996 598 9190 9937 971 771 901 5502 3398 2100 1292 4992 9736 8901 4335 6802 3293 923 3714 2688 6081 9399 6583 2063 4337 2942 4998 3038 8805
29 6130 187 4852 9858 5041 1066 3064 2239 2873 8381 5167 4672 1098 7374 7816 9862 7007 9792 6375 3684 4814 7994 2702 1582 3365 4675 217 942 3219 1626 6159 8928 4963 5392
30 2995 3190 78 7175 7115 288 1776 1257 8368 7513 6979 7680 7462 7950 7766 4658 8775 4288 4351 4902 4496 6494 4056 1748 562 7904 9610 7619 7972 6833 2776 2895 3285 7162
31 9058 3425 8786 5049 49 3278 5117 5705 9955 7296 2142 3785 525 3228 7645 8665 6174 8601 5356 6924 7999 7428 4786 8452 7444 7452 5305 7601 5795 8895 937 5513 4789
32 9053 4904 8085 8205 5209 8566 4966 9428 2992 1243 9380 3724 4785 4833 3055 6098 6388 4011 48 4883 3574 2379 7285 549 5563 4536 5872 9508 6293 8845 8218 951 7537 8096
33 2717 6885 1641 9117 89 8890 9268 8575 3667 851 2027 3500 6872 2373 5083 6025 2235 1146 3963 3662 3319 3594 8230 7506 136 5172 963 9335 5560 3014 9030 4257 1851 2217
34 7849 9822 1579 7047 6770 9787 1417 3177 4983 7327 150 9044 5700 5222 7767 5701 6948 6272 4633 8578 4125 4482 3378 761 4333 1475 7301 18 6499 6916 1820 5507 3769 1508
35 6340 7851 7760 1595 5345 540 1053 5945 393 7359 141 9231 9889 2867 5699 7877 3695 7298 8135 9400 4438 6965 2988 8496 2277 8467 8888 4319 442 8110 4895 2380 1268 7887
36 6430 3448 4071 6152 9492 2169 1250 158 4948 3326 6538 356 6690 6033 2647 8591 7792 6741 9673 6106 2407 5651 6789 3000 668 284 1297 8112 5386 6377 5928 7533 2436
37 6056 8172 8995 7382 1271 7694 273 2168 5360 6676 8911 7405 5900 4163 881 1163 865 3778 6208 6904 4027 461 4812 9783 6333 8069 7469 7902 8308 9032 1266 1967 8640 8470 6065
38 5371 2223 2378 7179 4503 7244 7151 7980 9329 4621 3745 8004 5490 8067 7282 2520 9501 8378 1457 6991 4470 3728 4405 9234 767 2579 2729 640 3988 4954 9444 2956 2338
39 2870 4114 6603 9166 2858 7323 1631 9537 5916 3604 1549 135 8260 6552 7072 8007 8871 369 8370 4738 6792 6682 5421 162 8014 5624 3948 6784 9080 5432 2456 202
40 9145 9141 4398 6488 2604 7060 780 2126 2018 2771 9084 2071 203 1329 8821 9287 4578 1137 8031 8599 4946 6443 1043 6219 1078 9550 6661 8363 7281 5747 4793 5361 6216
41 2584 5254 4967 8128 4170 477 1600 4192 8417 1160 8581 194 4638 5440 2643 2842 9389 559 5565 101 985 2625 6140 4663 410 7567 195 5996 79 5586 3101 6969 9837
42 6975 4065 626 7042 3373 5574 9721 3917 4478 2064 8211 9420 9545 3453 1280 7623 7167 4109 2364 5399 500 9946 3140 6108 8127 2302 8527 6415 2959 4512 4635 582
43 6096 3660 4077 8394 6819 6925 2747 3186 7061 3420 9451 5403 6225 2255 4376 4294 831 984 3605 2245 5389 5799 1084 3357 1922 9691 8929 7618 2627 6068 5489 3334 7456
44 4891 7320 4974 8170 7335 2755 357 9590 3091 5010 5760 6230 3908 9173 2826 4402 8142 3747 9122 4838 3068 2118 9911 4606 2773 1529 7799 1375 7788 1601 8744 9724 7010
45 2600 3636 5798 1125 5938 2599 4529 4628 2920 80 4193 1883 4124 2891 9218 3094 9455 7844 96 7912 588 7225 1400 3969 9638 8065 3224 9978 4138 2329 2143 5042 75
46 295 3187 2563 5613 450 9459 8540 9115 3318 385 9648 3770 1083 391 4533 8899 9769 3003 1063 611 9066 4704 3056 7963 7547 7530 5518 1974 818 7192 574 2985 8180 7326
47 9191 8598 3831 6021 7569 7636 4219 5680 4304 7691 9107 9851 3176 2931 9654 5137 3685 5839 5732 3677 6146 9551 7208 4649 3736 3874 9486 8243 4008 2505 6074 6371 5284 6014
48 6781 5482 7995 7402 3781 5298 5436 132 8532 5439 6523 5384 6914 359 832 2967 5727 3458 7206 7585 8291 9294 1065 4558 8252 7998 3527 7746 6637 4674 5551 7348
49 3353 7138 1999 9194 3051 69 4710 4175 792 3348 5296 9267 9818 9910 686 403 6951 2632 1409 981 2727 7823 9017 6394 4206 1814 9879 8647 5515 5275 4380 6094 869 2494
50 4611 3249 4671 1348 665 2756 8820 8108 8727 3651 9853 5763 8224 8878 3416 7549 729 5202 8283 6953 3253 9162 3466 5494 5663 8010 6273 4105 4973 3148 6320 7655 9577
51 2849 9351 1577 8207 2263 5171 2236 2346 3297 3984 5496 2009 3110 2325 9628 2589 1249 2372 5026 5487 3184 1955 4670 2831 9313 114 1628 9124 5196 9347 7631 9697 283 6787
52 820 3592 1925 3505 2777 8130 1390 768 4486 9395 1064 3865 3262 8859 3127 4180 965 998 6323 803 8804 9530 4846 8064 7311 3002 8302 3842 415 3979 8784 5991 8636
53 719 9392 7674 6791 7439 3914 9129 3164 9489 2673 3587 1725 7703 4684 7706 527 2033 8015 153 7124 4240 4094 905 7083 6987 7565 4537 4155 8174 7521 3653 1638 8307 6632
54 3016 6507 654 1312 6046 7699 8445 2024 4722 9753 9781 7765 8628 3548 2044 710 6044 5718 5737 2564 6288 4572 3394 6383 3413 8531 607 4369 2311 3457 1607 8443 9204
55 5588 6570 9872 3169 6664 9378 6113 9719 2375 5742 7163 9270 5297 2474 322 7150 1838 234 1887 8029 9528 1058 5891 727 4849 298 8690 889 4291 2911 2099 6173 6627
56 5832 3491 4581 687 5997 676 3610 4076 2762 8506 8458 257 2943 2502 3819 1661 6696 5378 618 4010 6958 7398 5321 4772 2503 7666 3727 5809 7089 8589 1212 9784
57 8141 9106 4768 7186 4994 3987 3612 7769 1612 6167 9533 252 4864 4822 5304 7830 5817 1308 9290 9852 9419 1502 8300 9171 2035 2356 7895 6289 4042 6532 4352 6524 8715 2254
58 681 1826 2417 5245 5462 9884 3380 791 8111 1299 425 576 1668 4564 5890 8639 5330 1453 6594 6396 536 3031 4301 1026 2240 1129 1811 5402 9698 4552 7424 4605
59 2038 8044 957 7793 5740 6474 5910 8766 6710 883 1127 2132 21 1889 8335 6646 9217 1830 7909 1117 2660 2022 9125 8785 9722 3154 9886 8146 3607 5698 7165 6172
60 327 4182 8404 8227 4650 6374 2049 7203 5925 1944 7142 358 9921 5533 4696 3923 9800 264 1536 5806 7410 9758 8703 9341 8275 3977 1841 978 7386 6303 5257 7555 7690
61 701 6229 2351 8431 6889 5400 7436 2391 6359 8518 5293 1872 4032 1405 7388 1968 9547 4113 56 180 7262 9516 5620 1072 1372 6751 6011 2749 8891 561 3808
62 5835 8544 9440 2785 7309 8949 9150 7728 1689 1258 1895 8912 1256 5964 5395 5451 9448 5191 8168 8667 5331 7961 9801 3564 7657 7905 5380 8520 6059 8792 9650 8753
63 586 8078 2146 9243 1816 9891 4622 6123 1198 6389 5878 1971 7209 6191 8769 3686 7696 1171 733 955 8313 5931 6285 2180 206 4449 6659 1254 6867 5849 9152 2296
64 3440 8858 5500 8468 4773 2012 4034 7147 1236 2129 1541 437 8025 718 8296 2076 5198 6749 3786 3370 7081 2087 1743 9566 6067 9331 5589 37 8695 4346 2915 7805 5674
65 1408 4804 3233 352 4543 4238 7384 1152 8910 899 8897 1149 8469 4272 6893 67 6115 6182 7276 3389 2714 7236 2929 8054 4711 1513 9472 349 3112 2211 9045 1540 3059 5666
66 7782 2586 6668 7216 544 8049 3050 706 2154 1340 2679 3678 7291 9529 1069 115 3065 5006 3657 1977 5899 4860 3690 9026 765 2588 1718 6761 5559 7319 9403 7641
67 7277 3216 9887 528 7219 1745 8237 220 690 3830 9338 2722 8358 1724 529 249 8137 4317 4146 9683 2113 8671 5335 4731 6196 2443 8393 8672 5870 5280 6810 3531
68 3155 3922 2550 8835 7421 6032 3391 4639 9599 2433 6300 4527 1516 7345 8755 6352 1621 57 2508 6078 5825 3222 6788 2742 7913 5437 5575 1714 5711 1010 7839 6546 2518
69 306 577 5801 2330 3333 3306 2841 2101 8093 2331 6163 6344 1688 6183 6378 9160 7130 8780 2206 6353 3432 3776 1101 2880 160 6560 9342 2498 3197 7174 4097 2994
70 3873 9988 688 1842 9755 3762 2212 6280 5433 4134 2846 2646 8089 8350 5579 2973 9996 9325 2312 6725 7350 7550 3843 9479 296 2694 9082 7738 4600 3008 6088
71 9601 1386 4949 7343 2418 4917 4123 5610 4137 8463 6328 7455 8391 8191 9216 7118 1853 8926 7778 3820 2174 9195 3097 5264 7445 2109 8779 1762 3120 1136 4364 2894
72 4523 9180 4760 5030 7606 5197 6482 7890 931 5210 6299 117 8641 2511 1986 7108 8691 3812 9923 7053 494 7438 8420 2726 9230 1775 3307 9374 4907 1815 3959 7843 4923 7540
73 4119 8220 9246 476 4088 874 8699 375 167 1770 2728 8680 7709 753 5292 1097 1847 9060 6220 5627 5573 4498 807 4982 6536 5088 7897 7457 9900 3652 2969 277 3082
74 3766 9014 9445 3701 8717 8193 2137 2359 3090 5390 550 3229 6318 6773 5162 8066 7692 1382 9409 9776 8643 8403 8340 7920 29 8632 1347 7280 3092 9161 9163 6148
75 1813 5057 6557 8590 8797 1809 3764 1430 606 3556 5105 8588 3565 5983 6454 3095 8814 7882 8175 2972 8119 8973 4972 867 269 8451 3135 5582 8516 1464 8062 2582 1289
76 6042 7653 3611 1468 7394 2736 3323 4677 7361 8442 499 3715 6708 5192 2412 8337 6684 4448 7271 3047 1351 8684 5920 7211 2764 5319 4468 5615 8782 1022 4268 3444
77 8424 4935 3665 5952 6778 2963 3367 6481 4307 5784 7927 3167 5856 4281 9677 5869 1046 6175 5982 5958 4596 5980 1164 9578 8748 9036 7019 787 6503 3308 7965 3570
78 3875 9049 4764 5241 7695 9042 7650 7667 6551 209 177 4641 3637 9575 1585 855 3828 9609 6350 2445 9998 1624 2696 4245 9259 6909 1454 2054 1071 9645 2587 5107
79 526 4141 5326 6640 1976 2479 9980 5714 308 9362 9327 9634 9035 8413 2465 9279 3477 318 2462 3376 5357 9511 4429 1605 3358 2079 3848 8241 5685 6435 4771 2451
80 1808 3123 7487 9951 2252 1855 7721 456 2313 1028 1671 83 8189 4215 6544 3401 7681 7737 2492 5463 5194 3793 6391 5649 5571 262 6972 3758 5365 6511
81 9413 42 839 8400 4480 3707 7679 930 9406 9393 9658 9376 6705 8832 8721 6701 3941 7924 1057 1013 1231 6734 8457 959 1162 459 5677 7770 3311 5618 7422 6804
82 5014 7914 3815 3482 6416 1863 2013 7865 184 4205 2542 7419 1708 7983 116 7712 7739 6365 5643 8034 3473 1426 6870 7269 4283 7512 692 9476 5729 1739 3071
83 1717 175 6669 5583 6258 8273 3122 703 3858 8322 619 7305 5327 334 8722 4602 8490 3067 6306 5098 7433 3751 5807 4024 1912 3478 1470 2938 5256 371 1946 6576
84 9168 1769 7324 6785 5914 1926 4152 5318 33 6747 7046 3166 8214 2946 9158 4713 6433 4434 5174 4162 1591 1394 8059 3673 7101 8747 8803 5526 3279 2952 9212
85 3387 2265 8447 5156 6382 2966 949 8500 1898 5862 7661 7243 5963 5852 4919 4918 9729 2631 3571 1845 7070 8930 5961 2363 8433 4608 2275 5161 6626 1099 9604
86 7418 102 2191 8492 928 9416 3716 6049 7347 7748 8042 5687 7352 6813 5200 3974 5220 5577 4970 8158 744 3539 5362 4203 3593 4463 2796 9633 7223 4940 1185
87 9159 7584 445 1035 2557 7191 6815 8462 9184 1821 5090 2286 4544 1524 5063 9411 6706 7795 1495 4299 5927 3788 4198 8508 3699 4733 5812 4412 9071 7194 7559
88 4078 4052 6001 7031 6623 9956 3744 738 630 9675 4931 6412 4945 7059 1303 8020 1452 4332 131 6617 8396 7964 9269 6071 9013 4265 3045 4479 5543 8092 6121
89 6423 4189 7720 8080 7864 5612 1985 6027 7110 1012 9949 615 7776 6145 1262 1873 9326 7558 9999 6343 4133 104 9062 8456 7376 1834 1115 24 9866 4690
90 207 2993 8568 7183 3855 5244 5542 9121 6652 902 7745 4898 4021 8035 4986 5972 1439 8087 6649 3852 3732 3017 8863 5452 828 1790 2862 7741 2467 4014
91 2851 934 1472 3025 1437 5898 3682 1558 9027 6411 7117 2194 409 1074 3603 4689 9068 5093 4365 6607 7248 3790 4618 9199 8181 757 9789 7440 7094 7090 287 8819 4678
92 9888 1048 5703 6425 1192 1278 2085 4314 8012 7489 841 3648 8894 9247 5689 6735 9381 6439 6492 7129 6678 6270 3189 2210 4036 4783 2667 7050 3931 7654 6405
93 9435 7828 6543 9202 8003 1124 571 784 2608 8488 2525 3481 1643 6648 5290 5306 866 9877 2108 1195 3276 9239 9137 3115 7169 6602 3510 8002 4695 2814 1690 8385
94 2209 1141 4473 2517 1060 3316 2506 6005 6554 7412 1302 7755 4363 7407 7525 5497 7321 6398 6841 5539 6712 7168 122 4528 9305 4267 2491 4936 3274 8236 7806 1793
95 1574 5919 3902 4830 6347 1140 6234 5181 289 6634 7379 6162 3340 9835 3825 5405 1796 6457 6426 6611 8139 4035 7479 5625 7293 9449 9623 8084 652 9064 1184 8631 5193
96 8946 6392 3968 698 5237 1175 7625 208 2298 4472 2680 4306 3362 3286 2124 7312 3568 2032 6786 5040 4534 7333 5754 921 4000 2340 9074 5459 4981 2400 4708 4978
97 7426 9371 1539 7235 271 2769 3702 3851 8798 4251 8274 9203 3330 872 3839 7532 6414 1535 3927 8133 9156 6127 7051 9938 3221 5776 6022 8081 2716 4866 9255
98 9189 8057 9211 612 7529 7449 6516 6125 9229 4524 4003 5012 4140 7935 7056 5761 4157 815 2224 414 248 7041 8380 6855 8789 8510 2626 4995 1655 3633 1778
99 4466 4322 7794 7787 7581 9806 678 4553 964 2310 3234 413 4818 5347 8686 1721 6483 5652 4843 1240 3737 9644 945 9682 9536 7228 2261 1881 3985 8945 2155
100 2805 152 8546 128 8464 3623 5307 2642 7227 5159 7304 4857 9029 907 8094 9959 3463 1840 8217 7848 8379 5338 4073 9379 8985 8777 1543 5734 8353 265 1154
101 6950 3590 4303 910 5112 2048 7485 2057 6128 6971 5975 7135 1309 76 6612 2082 2540 2475 2419 6249 6054 8662 9357 1953 7480 6431 6490 501 1991 4419 8311
102 1572 2182 9850 1779 2350 6869 1165 319 6874 5802 6666 648 8892 1176 2944 7491 6837 8996 8480 8156 3976 2073 7827 2856 1878 9713 806 6266 5002 8395
103 4960 9714 9340 2698 5771 9940 3524 9520 221 1009 7356 3912 1693 5578 584 55 339 7058 1054 514 2792 8537 763 4253 3689 6281 3352 6356 5285 936 9404
104 8097 602 1831 7222 4068 9052 5829 1913 7910 9172 4079 4241 199 3563 3241 125 7831 958 2292 3327 9749 8524 2347 9306 7977 894 8117 5678 6960 9768
105 6808 1587 2823 8383 2793 8586 6910 6348 3346 6244 5739 4831 7450 4047 1988 1698 7884 5379 9283 2593 3891 3822 9897 2543 7145 11 2454 3015 9320 340 3540 3634
106 6424 746 8607 1893 8356 5116 629 7607 541 8517 1477 8150 9760 4515 1489 1761 5606 2300 7836 9262 4404 2997 9226 5684 3676 5445 2046 547 6184 3381 4625
107 8849 1965 7205 1330 1822 1380 7185 6437 4465 9006 5070 7906 8437 2998 1406 1719 3897 4610 9567 7495 5871 3862 5190 1997 4407 7107 2119 7697 537 6575
108 9111 5465 1030 2152 1410 2135 9963 6519 2232 1603 5879 8147 9502 2276 7288 4779 361 4623 8155 1565 9237 1569 346 4403 3838 6251 4811 2789 5897 124
109 13 2672 395 6062 5077 7230 879 3836 7538 3558 5757 734 9720 7355 5828 9464 3441 4421 9507 3805 6739 1823 165 8729 9849 4150 4571 4026 7938 6663 1766
110 6197 3256 6687 3339 7744 4834 9915 9665 4089 8528 5045 9593 1172 109 7077 7859 7615 7750 3046 483 4269 9684 6254 4270 8343 4682 3404 2668 7368
111 7937 5370 3775 4458 4560 1644 908 91 7278 9554 871 5906 9952 5830 6665 7948 8223 14 1763 5415 6604 8021 6290 7073 2383 5173 8376 3138 2249 7936
112 9321 3363 9890 8039 6154 3312 5534 9263 4309 4116 243 4500 7875 4401 8616 9458 922 1517 9564 6403 241 4399 9512 1384 423 3498 485 3354 8953 6404 9015 5517
113 570 2636 4236 7011 4311 6556 5671 9745 3465 3130 5121 7753 3290 4410 3700 5104 5505 6104 812 2045 1729 8091 8342 2336 2427 9962 127 7729 6955 8392
114 962 1109 6257 1807 3698 1505 9761 4788 1222 7240 4229 3105 9127 5811 3284 7663 2546 2278 830 1336 3621 46 6118 242 5558 5017 7477 3041 8105 4956 7021
115 7633 9282 5967 7689 460 6000 5126 8494 6738 2832 9254 6210 9051 3879 4417 2869 3129 2200 1931 2460 6381 329 9086 2284 441 892 5276 8290 7153 9138
116 7662 3145 8669 9568 8624 5423 4104 5637 2266 7993 5028 2590 2913 1244 2984 2369 3344 4656 6050 7628 6020 7786 5089 6316 7048 2885 2448 9438 9555 3952
117 8099 5062 5535 6461 736 3811 8701 4627 9477 8292 8783 7876 6586 798 9311 231 5114 6111 222 3824 9920 9386 3270 6840 7486 9667 6169 9003 3403 5269
118 9488 1764 811 5031 3417 4817 1750 2738 6535 4559 3925 4882 4428 909 7114 7033 2821 7591 307 2580 9271 8173 9652 1061 8533 480 5948 2493 7907
119 4753 7609 6610 4169 1100 9454 3755 2838 4734 5168 1248 70 7267 4179 4218 1667 2741 633 4557 7079 4879 2861 786 4912 7360 4664 5882 3168 2670 2804 4171
120 8346 1143 5213 7253 9899 6868 5619 6817 87 7670 9839 5694 1948 406 2010 6380 7514 3596 1190 5602 4208 1617 3023 6782 9353 8077 2273 6598 4331
121 7148 8453 3288 2649 3476 6351 2912 9803 6205 4117 2960 2055 4687 8824 8752 628 9935 9050 8226 5640 8331 6549 6259 4242 8838 6076 2718 2385 3030 3159 1596
122 7427 5552 1660 5503 5794 8083 5713 9856 3644 5274 1679 2835 4844 5488 954 5152 7102 1571 4893 9465 7573 1296 6662 8202 3084 4631 7542 4735 1327 8351 6091
123 5777 3877 1424 7638 9785 9790 555 4350 3192 4370 5749 560 3020 9434 8149 8475 5662 5081 2173 3773 3999 1355 4971 9364 5101 1305 3601 2031 3829 5921
124 138 8644 7494 4481 2037 5448 813 7878 743 3388 5514 5279 9116 2019 9207 5804 2034 4310 842 631 8580 4022 7818 783 9291 2691 7156 9358 1954 5211
125 9543 4616 1364 3302 2304 2914 8954 1592 2674 8398 6084 8617 4383 2416 5664 5716 367 1886 5989 1471 9614 2787 3691 1586 1869 218 9912 2616 8539 6843 2423
126 8709 5325 2795 7698 7295 5416 1042 365 7981 565 8131 9089 6310 3368 7702 7556 5531 1645 6827 9521 5788 4620 5709 5538 9934 2737 7921 7471
127 8551 7901 773 4766 4091 5696 1260 6985 956 8076 1897 3989 4774 9497 9250 6026 9355 2387 1376 1741 9518 1992 9574 8287 5120 8032 426 4237 8240 7460
128 666 3384 4066 9695 7458 1597 3283 35 8737 6218 7045 7409 8808 2610 8435 1418 7012 4340 645 4070 4653 3789 8354 4462 7754 4927 731 2189 5635 2504
129 3511 9054 4166 1407 9612 684 5166 3541 8001 848 9093 532 6674 331 3502 2981 4424 6977 9624 8495 875 6529 9298 6467 823 5946 6818 990 5774 5007 5738
130 3236 6638 9417 3640 4046 1025 62 6036 1888 4174 8602 3553 8956 5782 2424 9681 1511 8196 6336 9401 5283 7954 5358 1017 3098 8100 9113 8298 1367 969
131 9925 1817 8432 7929 7026 1907 3722 9989 7561 5278 4334 4990 5106 3849 58 3180 5731 505 9626 6314 4508 9744 8962 2991 5985 3173 3062 5273
132 9215 6891 9662 9361 3099 653 6746 8958 5875 7916 8477 9500 7213 5905 3759 8338 3137 7155 2047 3007 1901 3617 1107 7498 6838 9517 7726 1697 8898 1445
133 6845 4469 6683 3643 2640 3845 4887 7605 8256 9220 6256 868 2188 4092 6176 8254 6998 4525 8425 490 2192 7971 1041 3712 5009 9112 796 9829 7315 3708
134 9155 2711 1691 502 4 5182 2519 6427 7960 6236 8040 6357 4168 8734 5913 1642 1135 6048 5880 3419 4086 2449 155 1232 8179 2812 6660 8305 5789 5044
135 993 3581 7781 766 4214 9636 3266 81 5446 7316 1007 2028 9983 3435 6878 337 9424 4750 6963 6476 6505 495 8030 3521 4038 4459 8244 3072 8768 9982
136 558 9594 8366 4318 3844 1016 7572 9315 1411 468 7190 4443 5768 3246 4813 1392 3400 3890 4706 72 4725 3509 6636 6619 7730 172 2291 4767 7502
137 4661 2652 1573 4751 7516 1267 4867 2301 6295 4247 5474 3797 2897 2833 5015 7088 8688 9040 1224 8233 8869 1984 5145 6771 4908 9576 2706 3664 6842 2661
138 7822 474 6720 2205 8872 7790 9831 9565 6854 987 1011 1215 9179 2743 6338 2315 3552 5123 7624 1230 8600 5995 5873 983 4666 5593 8070 5877 3642
139 6190 5383 191 1700 6718 9302 3335 9495 7629 3545 1564 4344 6780 8886 2982 9483 1161 2886 1563 7160 5743 3165 8811 4367 5569 3816 6217 2565
140 8595 8896 8654 6475 7707 9974 6304 3619 4185 4446 7257 3407 1933 189 5581 4258 8401 650 4763 9088 364 8075 4326 2990 860 7837 8360 7272
141 601 8579 9826 5886 4279 9033 6242 675 9762 1797 5035 7811 2923 428 8279 2077 8529 3109 6039 6528 4854 5933 8485 7052 4798 5430 5712 3530 8009
142 8315 5673 7918 1037 9966 1465 7430 3033 8577 9808 1089 3546 9703 8605 6406 9024 758 1537 6045 9875 4876 728 9859 8940 1957 6308 2306 5029 4539
143 9742 5524 7946 7014 3746 873 8726 134 8235 5821 3850 4153 4100 2790 376 9359 9570 9169 4654 5572 5094 6194 4324 9661 1209 3734 7852 2957 7688
144 9284 2381 6578 563 1049 4250 4942 5424 8377 1120 168 7466 5442 2390 5265 8787 6119 6905 6417 9337 7797 5607 1570 7220 2257 7166 2441 5717 819
145 8090 8698 159 2693 3126 4248 5796 5596 8349 3215 6715 715 2887 4132 805 6156 5409 4033 7217 1286 348 2733 4816 2162 25 5864 2501 145 825 8629
146 1466 724 8653 7611 5516 8615 6452 4828 8649 1310 1849 7275 4212 986 8864 1451 4139 8534 3884 3244 3445 7548 8998 1497 3438 1812 5032 6271 9643
147 8724 1599 9791 1818 9175 6504 1138 9571 4874 4110 8668 6707 4906 2463 4743 2464 7779 3204 6689 1619 6803 890 4729 5225 737 9542 1550 6650 8465
148 5354 2648 9957 5966 3350 5151 5 5857 4358 5084 6015 4178 1023 2316 143 5947 6451 6204 4648 7832 342 6608 6080 2483 4450 192 7900 1928 6279
149 5262 9692 1186 9632 4186 1923 9356 8478 4025 1020 2735 7423 7370 6187 3054 5373 2130 1654 5043 2650 7255 9206 8104 6631 6577 940 4058 5470 694
150 7735 4574 9200 6509 3557 15 4069 311 3654 1039 8573 1214 3705 2800 99 3343 8319 6487 3569 3395 7303 2529 5039 3141 3940 7951 1150 9354
151 8267 9038 5965 8282 6677 8266 3272 6919 7597 9690 8623 7432 5080 2165 4120 4112 1225 5150 5636 4491 1902 4210 7734 6717 4619 8743 518 470
152 7256 1377 1734 747 9073 8693 8526 4015 2541 8316 6606 2760 6693 4599 861 8124 9810 7834 4261 3252 827 6158 9602 3424 7616 9894 788 6133 2388
153 4801 3832 1512 5756 2836 1835 5005 397 5125 6744 4562 4652 3402 1915 8512 2761 7265 1488 1848 5038 8674 6373 4859 3947 8685 5527 8776 2481 2007
154 4049 2607 554 8919 5826 6912 8970 1932 4004 2552 6820 9664 8248 8255 1636 7196 6466 1216 9807 9102 723 6579 7523 517 6008 8774 4871
155 8561 750 9992 6168 9123 304 970 3486 8645 4588 7415 546 4892 8352 9008 95 4378 5295 7189 6775 260 3497 8157 1443 5342 251 5548 8585 2386 3386
156 1187 377 4390 3501 3172 3405 9165 5863 8646 1839 8593 5592 5000 6993 7962 4167 2658 887 2700 774 6468 2621 6420 8742 9524 5633 4699 6561 7774
157 1788 436 9646 422 4408 5022 2334 1777 3086 7942 6590 2389 4382 1905 6362 1050 7143 6307 488 8136 4176 4108 4984 3057 6189 9827
158 3562 1492 5136 2482 9702 6278 8293 185 4953 3304 3313 3494 8611 345 1103 6321 2951 5755 478 4826 3012 7193 8449 4505 4490 6181 5092 1484 5690
159 2414 2847 7496 9930 7367 8072 3225 174 2937 7784 4460 4988 4612 8509 5800 2015 9276 354 6527 6035 2081 1381 6694 9637 3214 3406 3697 4254 9932
160 1938 4501 2241 5537 3953 5868 8957 1784 1485 6296 1104 9704 9739 3269 3723 4614 8757 8571 1252 6568 7140 4848 809 1981 7968 2075 1315 2507
161 6956 280 3503 5675 6275 7249 2295 4597 4387 8036 8182 5055 9110 4873 6386 3382 9390 9292 1169 6387 8444 4899 7420 146 2553 1685 2478 4762 2349 7049
162 9960 3076 1365 1205 1560 5020 9825 7467 3430 7401 4130 7958 5438 989 8550 1736 299 1720 2259 7067 1534 712 7857 5764 1765 4197 8771 6017
163 6330 7545 9336 26 5566 8714 5706 3151 5053 597 6138 4290 1934 6829 838 3692 4549 9596 3329 8138 154 7034 9205 3713 3588 5231 6442 9847 5723
164 2163 4349 2890 1036 8906 4018 8594 8365 927 1081 8652 1548 4952 858 918 4669 8498 4059 3125 9701 4863 5656 293 316 8788 7807 6311 8270 3857 1648
165 9696 4759 2332 9522 5855 1715 610 5218 8000 7580 790 3035 8106 9280 178 3888 6930 7733 1732 8839 5641 1987 5250 10 9069 196 2999 950 6730
166 3075 9446 3693 7752 4400 1659 6618 2748 4083 7664 5350 8813 7157 7112 693 3599 8414 7040 5061 3093 8521 9167 1995 566 3583 8037 5562 7417
167 6227 3860 9460 487 7985 6876 8006 2337 261 7955 4782 9072 683 6836 30 5622 3004 1903 438 3178 3200 4362 8192 7332 9778 5844 8268 3436
168 5160 7297 3128 3260 8950 4629 5525 6990 2247 2175 6385 8862 933 7459 8842 7725 3978 9427 1584 9641 3915 9265 3070 5719 7453 6533 4518 5050 7908
169 8299 8246 656 3598 60 9322 740 1151 4724 5523 6989 8815 3635 6915 3026 2581 8773 1578 2662 853 7137 8126 3996 7683 3717 1446 1211 9556
170 7132 1752 6214 8851 7020 1448 7381 1804 9880 4640 363 8213 6224 6581 1091 2204 9421 183 2411 5655 8161 5676 5339 6926 3910 4905 5907 7789 8619 496
171 3198 8730 8125 5942 3735 5082 7870 5587 4444 6037 3892 5249 4425 4098 7199 6653 6940 840 1006 4211 1663 7224 2884 4020 3663 5021 3048
172 9814 4260 9031 457 2305 6445 9258 2840 6286 3905 5355 4292 3670 1003 430 664 8732 4693 1611 524 6064 2958 8229 1183 2177 3930 453 5859 3918 6246
173 2830 5837 6597 1491 6092 6177 5783 9467 800 219 8760 4028 9651 3317 6418 1496 8614 9981 3433 672 129 2669 1633 1576 2712 9869 9841 3595
174 8184 8183 2855 9352 9967 6292 2782 7541 1121 7743 4504 9092 781 4420 1706 1832 5287 5212 6900 4781 2461 1331 8088 9020 8712 9398 9968 447
175 8502 4922 6992 2469 9397 8681 8609 2687 1609 5068 3431 4823 1962 9334 5270 2753 9674 4868 8303 6984 5544 7339 1583 1594 2834 7008 764 8909
176 2091 4980 6931 9075 1275 8063 1217 1414 9975 2281 1259 6171 3490 7949 680 895 3470 7500 755 5750 2676 118 9631 464 7970 2345 3956 9802
177 3240 8121 6151 4717 4910 5051 8634 6309 3100 1427 6069 521 5803 6137 3446 7853 4129 583 7635 5078 7504 1979 7055 3559 5294 641 2123 3472 2497
178 929 90 1040 61 3396 9752 1076 3205 6978 6740 8122 2050 3975 3584 6399 2837 3213 8519 6110 8800 1159 6825 9503 374 7121 7856 1672 1791 5255
179 3756 2086 328 9685 3518 1795 5058 1322 3429 1307 1226 2178 2852 5073 7099 7013 9734 5003 6195 1180 9275 1859 6541 7868 3938 4841 3366 7718
180 804 3209 7704 3630 2399 9384 1575 5351 8873 4044 2320 5647 5998 567 4749 1145 4148 6223 8847 7578 2596 3282 6122 6903 3586 9924 1509 8195 3202 6537
181 1833 6897 3471 4909 8204 7158 5228 2435 7078 2558 3506 2548 5259 7588 278 5924 3013 1213 4837 3052 7254 1501 2612 3729 8708 3906 4516 5033
182 4107 1846 1113 5461 4716 163 9456 9133 4457 5407 2522 1630 3798 8384 8630 5646 7546 5628 424 6949 3749 4427 8852 2964 7463 2848 7474 2157
183 2156 9157 8177 6231 9817 2201 5499 2745 74 925 594 3146 2720 9135 9902 3437 3409 471 3162 6469 6934 2377 6489 88 4381 5650 4643 8964
184 1204 7511 2000 3149 3954 8697 2138 9235 1802 4542 4243 223 600 5132 5842 635 1403 5495 7582 9656 8102 8716 3841 2533 6041 8574 5227 4361
185 482 7639 4754 8503 4415 5086 8991 679 2322 7390 1683 4519 1319 1321 4862 5695 8764 7881 355 1116 401 2438 6917 7354 8197 9244 3589 946 2149
186 7229 7642 3533 2005 9408 5251 5478 3528 9059 2788 2802 1557 5661 9365 3028 6846 1567 255 2026 4991 6349 7736 7658 2072 8043 6921 8501 4714 4747
187 2996 9727 8934 5632 9754 408 7349 794 1602 1431 9812 7377 6206 3585 533 2283 8867 762 6695 2490 5745 6116 5085 4721 9208 7731 8187 6806
188 4634 4474 6635 5207 2352 8178 9898 5434 9363 7082 8931 2577 1936 7587 5746 9659 9509 3414 4554 4029 4426 1686 4615 617 4832 9799
189 1568 5944 4794 1909 8261 8549 1282 1904 8389 6572 7761 7387 2705 9081 557 7069 9893 5340 8419 3792 3032 6355 5091 1279 8165 5970 1665 647
190 625 2713 5008 9747 4535 8530 9678 7375 7369 2207 313 2052 9750 5691 580 9712 1876 2568 3325 268 7366 6070 897 1900 9277 1396 7261 8548 2630
191 5147 27 4765 6655 7442 443 9504 2238 8441 8289 7536 4375 4930 1553 2151 9264 1906 2684 5431 8473 5363 9945 2751 8637 5787 1323 6952 4901
192 9360 8504 8297 3950 1758 795 8913 5163 2318 8655 1435 2382 5367 1771 6072 8288 6877 2453 7241 6107 6370 7252 4255 4877 3451 6332 6865
193 1415 9868 2524 9669 2358 3783 9622 9240 4264 9375 7400 4667 1870 4226 5758 7626 4609 4023 3761 9373 4651 5016 2866 5491 7903 1397
194 7006 9913 9251 4455 4005 1373 5170 8793 5976 9842 3507 9655 6063 1662 6134 9297 8023 7357 6193 6700 885 5155 2115 4228 3207 3468 6061 6441
195 2198 4797 8781 2570 2633 1276 2770 484 2707 5508 6287 2825 6429 4748 9453 449 3113 3371 4987 3397 1274 2784 2405 3936 8893 8978 3913 973
196 1824 3235 4660 5387 7416 3292 8834 7338 9314 7268 7000 7429 7860 3894 2185 5790 5688 3261 19 2816 3053 7490 3493 6002 7804 5915 2406
197 816 7395 3519 6284 4181 8564 9350 2562 2457 569 5770 3303 4829 8597 8999 1 7879 967 8212 9649 2374 4993 2214 4532 8374 4685 1363
198 3827 6497 810 7969 9076 504 7065 8460 4388 7847 3058 292 8826 8915 4213 3886 9021 2690 6087 5929 9048 7465 4999 2721 1705 578 3188
199 6982 9248 1670 2140 7383 4567 5323 7880 3018 8603 7037 9728 3121 3390 1358 2287 2740 1033 9345 6571 2366 9468 735 7647 497 5374 7854 5885
200 7855 4397 5973 7552 2860 7180 147 6902 1882 1193 5429 7939 9187 7242 8348 2193 7221 3885 2112 4285 3750 1328 6248 9285 575 5591 7747 3227
201 94 9213 6093 9019 2752 8651 9864 9848 1810 5133 9281 997 3795 5993 7431 8295 4740 2133 5977 1844 2455 2089 6799 6339 9705 2268 6498 1990
202 3210 726 6250 1197 8250 3949 6446 3341 1242 1349 1182 2408 8185 8761 2125 9209 6326 1265 5444 8704 7391 5792 8648 6688 730 2041 6240 2480
203 1387 9584 5545 2145 8765 5368 3103 6547 204 995 2808 5834 3449 1494 4477 8242 8333 8626 4806 2486 5243 7128 2393 9563 7435 9100 7775
204 2766 4878 3899 6003 5263 309 1093 3854 9324 6795 2078 8294 1128 3393 3096 492 4555 8866 7632 657 707 5710 9198 7524 1404 1288 7593 8194
205 4494 3991 5185 1059 5313 6779 7896 9619 1532 8499 2986 2699 8278 2759 4177 1391 9553 7141 7634 6831 5992 5341 7505 5725 6798 3868 4821
206 3720 9288 1021 8885 5226 4053 7464 2409 2179 1676 3379 9332 1044 8334 9552 1114 6518 6760 7783 7940 7250 5316 2376 4411 378 5736 7996
207 4662 1196 7922 906 6767 8176 3281 6562 9733 8511 4019 5281 5600 9256 5095 999 5252 7510 9944 7821 3523 2199 1108 6408 891 8986 7608 3748
208 3104 275 5334 6970 5109 4009 7637 8454 6764 4289 4040 8047 9249 5848 3646 9430 4700 5493 1656 1379 8612 4744 3613 8576 44 12 9573 8683 6051
209 2765 534 336 7351 2395 5867 2531 8154 2892 5397 9412 6456 924 5048 5752 6565 7829 7476 1201 7599 3726 2987 8823 621 8959 7850 1773
210 8961 548 2933 1325 215 6500 760 2983 6630 3791 5404 2080 6945 6692 2757 3359 6939 9846 1334 988 8922 9881 3943 4580 1255 6390 9154
211 3704 7574 7358 6756 7723 8281 93 926 431 1694 384 8604 7025 4368 7172 5484 1581 9896 3600 5888 6455 3542 455 8559 9904 1533 1864
212 5130 3772 9732 8613 7144 7406 662 9491 7671 5314 8222 9490 5833 7075 4328 8461 1710 179 28 7451 6501 754 3649 396 6722 9918 592
213 9740 2803 417 4436 3009 1794 3001 107 7202 1792 2547 7188 1459 6484 751 6075 9469 9487 8868 2172 7862 2566 5599 3237 6203 6755 4965 7577
214 1130 6879 2715 7742 919 1229 1917 1767 2280 1045 7941 8446 3609 8610 7622 8336 9867 8 1722 5814 9101 4884 2094 9164 6542 98
215 8545 5097 8434 5134 9120 605 8924 4395 4190 9126 1526 6954 3622 7973 245 3939 1346 4389 1884 5866 9210 8622 4320 7152 8060 2594 9343
216 9443 7096 9756 850 9139 3118 6859 3299 3156 8013 1825 3174 9845 3461 4845 6009 1623 8947 7716 7113 9539 9572 7396 5471 5216 4977
217 1942 4392 6294 6363 8074 8966 6007 1735 7468 8466 1493 8455 1056 8650 5971 2290 538 4357 5087 9775 3469 6209 7289 6506 3074 7178 4964
218 1359 5555 5669 2767 5726 8865 975 685 3069 7036 84 5352 8371 1963 2527 5541 9647 4475 347 6144 9176 9181 4061 7106 3840 7978 4659
219 5388 330 8120 3 8046 1487 435 9994 6472 3743 2153 237 2551 5786 4737 5001 3754 3666 1090 8357 7501 6317 7711 9041 1801 7399 1298
220 7337 1062 6864 291 4739 704 9183 7483 6329 1419 545 239 8925 475 3287 2231 9174 9597 5893 8923 4485 4705 6828 6988 3958 1653 6906
221 4447 182 4099 5968 9097 4313 2536 2403 7330 9090 3846 7701 2683 2060 3418 7813 8367 6555 6923 9680 1479 9788 8596 8132 6301
222 596 8971 2 8053 171 6658 5457 4325 5023 2011 3454 8938 1294 8422 7378 297 912 5468 4233 8430 1086 6907 749 2544 8583 3876
223 3492 5608 8513 3763 338 7149 9943 200 323 7925 7076 5024 2657 3753 5076 9471 2420 3485 5165 3538 7139 6534 9863 8011 4962 6413
224 3632 4701 9227 1614 4655 3537 7526 3821 9153 2513 1444 510 877 2671 3250 6807 398 1480 9711 1703 543 808 3459 2510 4698 3826 9527
225 994 4060 4808 961 2555 3332 8790 3934 2843 5059 6862 3834 9414 2704 8095 1918 2070 5708 7825 458 1481 9620 3661 8660 1369 2809 3810
226 4805 1339 4937 1421 2701 5683 2774 3711 2183 9368 6814 259 5135 1819 5590 7292 705 742 6605 3561 3994 4366 8935 4872 1313 7063
227 2297 5984 3903 1080 4001 4795 6393 6553 400 7091 3434 9370 4617 6100 1927 7365 7064 5923 1696 8719 2545 9523 2731 1015 5481 5473
228 8472 4338 4769 6102 2339 1300 6752 3037 8728 3364 2857 394 1879 4851 5519 1613 2333 9016 5979 1699 4624 4681 2203 9774 2431 6164
229 1191 2335 2940 2906 3275 9961 4809 5861 9056 9979 5441 7509 512 6968 4406 1338 9901 9105 6047 7892 1546 7119 6783 8317 4037
230 5557 1712 3044 779 4718 1854 8741 2601 6847 1622 4582 2121 4925 210 3616 2043 1973 9779 4159 151 7204 3374 9065 2093 8582 4897 9969
231 8339 34 9130 2147 489 250 3882 8493 3280 1867 2262 3321 8140 7385 8210 5816 508 6346 9333 5217 7306 2264 2088 3474 6142 3399
232 3181 8415 8052 1178 2279 5079 3243 5235 4579 3191 5766 2014 3983 7515 2111 7570 992 7170 7182 1311 9034 2567 8487 3901 5707
233 23 3937 3679 4050 2394 9238 9461 5510 620 1647 4266 1972 5820 917 2219 1156 9922 7095 4920 7389 3995 2328 616 3421 824 9481
234 4246 8565 4442 3536 6262 3300 3195 9499 1360 1723 2685 4546 5072 2187 5013 8186 4441 2361 5449 8160 8542 3710 2487 1503 4915
235 9589 1751 8438 7519 4082 3479 9939 5343 9548 2120 6368 1829 8796 4080 3895 8587 9676 4770 7945 1202 9301 9878 2709 2008 966 1868
236 2090 9441 3385 1398 2401 1412 5850 3780 1370 2230 4223 3356 6114 7146 254 5248 5773 976 6894 7302 7687 6478 717 8682 3106 7899
237 5467 1746 3921 9836 9629 7719 9936 4938 2595 452 778 1144 2903 4761 6644 4509 2307 8997 6558 6641 770 9948 3450 1227 9723 6830 4188
238 286 7448 2512 3582 294 343 2242 2470 4483 833 9780 228 7809 1142 9757 9295 5617 3549 4928 7198 4173 6593 3111 9679 3345 4707 900
239 405 5069 1590 3331 9549 6341 2794 3777 1269 3484 2397 6082 6345 9344 9098 3960 4742 5288 6131 542 3483 3081 7411 8658 9786 3504
240 3247 3460 9224 7528 8992 8285 1174 5935 5382 4374 8659 1147 1914 1664 9047 9717 6083 97 5623 4810 3257 7342 1333 2067 6264 5065
241 9498 8952 350 3620 6255 1131 0 3185 9883 5175 258 5854 9002 3495 8276 756 3248 176 5762 3022 2285 2976 6358 3349 9995 5823
242 9136 5917 6459 4156 9147 6267 1707 5074 5366 2062 8507 777 2220 6166 2695 4836 370 272 6642 6101 5286 399 3993 9615 5418 4329
243 9447 3656 16 5585 7668 9546 6615 3675 6185 8943 3131 5219 9763 2225 9011 324 1806 8656 4041 1506 6103 1449 7677 6821 9410 9700
244 3929 416 4957 1220 2221 3669 2613 111 5597 2040 9228 2675 1094 4072 2341 7181 2164 3566 8664 4484 9201 9025 5215 5621 5681 7527
245 2496 4951 6871 6563 6753 2918 9182 943 1680 9793 3314 1483 914 1122 6621 5236 8608 8825 3338 1782 9348 3800 8068 3024 3422 6491
246 3496 256 8841 3291 1740 5580 3182 3158 1207 9689 8448 1929 6591 2324 3639 9426 599 7956 2196 2655 2896 1800 9023 9094 2267 2103
247 3628 5564 4896 3696 4030 6099 2158 5838 8055 4657 9007 6941 4199 3853 3740 2321 2592 4330 1528 3309 1005 1786 5344 6161 4339 6835
248 9538 1531 6117 5598 3238 216 4048 9425 4929 3863 6434 709 6892 700 2226 7932 8269 148 7814 1208 4409 6769 7923 4913 4502 8314
249 2583 9470 9219 1961 5052 9892 980 7651 2763 5169 2900 673 8560 5827 6315 7943 1649 1008 6109 9657 2360 4688 9765 6235 1177
250 1038 6200 1860 9382 5949 7087 8572 6793 789 4204 6460 5118 6060 8489 938 3869 444 3945 4142 3223 7600 5158 7518 4680 3872 6596
251 6319 1556 1520 404 9241 1593 5556 5769 5659 8889 8145 8332 2114 7018 418 5614 2246 1970 6458 3294 4012 3687 6654 4590 6680 2659
252 8406 7380 2003 2144 3731 5670 1657 8486 332 6927 4835 6908 8341 3102 716 7732 913 4102 2875 1112 6832 427 4683 5930 5486
253 2202 9506 1422 5860 2258 4377 6559 3212 4201 3955 2877 4045 8621 7200 7218 2839 3089 5626 8738 695 3369 9710 3962 7294 7722
254 5939 4807 2876 7986 1681 5348 9439 1354 8206 5584 5791 2977 7258 6147 3961 5199 2270 6736 1561 2471 4209 3163 7125 6667 1916 7270 1637
255 6671 5529 896 4476 7952 7891 7317 2415 1290 6354 7990 3010 7953 982 5187 9653 6967 3077 7057 1687 7461 6077 9134 2881 8412 3517
256 7030 8969 2472 2815 2218 6105 8620 2917 2176 2097 7531 3124 9844 6502 9617 6768 7975 772 2750 8806 9318 2778 1958 2904 4775 697
257 3551 3579 6030 837 7016 5138 8828 8723 5603 642 4825 1188 2549 903 9046 8271 9432 4154 7562 9905 7713 7930 7801 9873 7649
258 4989 8017 9559 4391 1639 8673 8687 1980 7071 741 1650 5450 4276 8051 6758 2319 9985 3738 5902 8388 5665 5813 9687 6564 7886
259 7708 702 9984 1241 5224 402 2797 5146 5119 3315 1085 7104 639 1221 6850 5385 3263 7627 3725 6986 1716 7705 8416 2620 9510
260 523 3383 9286 979 9909 2450 1759 7812 161 9855 6010 1774 1894 6521 6628 7023 1075 1432 5715 1857 3208 4820 6496 8479
261 3856 6595 130 2664 3847 7441 9457 5704 7522 9871 2017 1498 1070 6851 8837 5246 4439 201 1155 2905 1538 8846 3328 6149 7756
262 1896 8481 4151 6421 1547 4550 2039 4520 9012 8861 6471 1353 7758 2425 2029 4686 1945 8474 2437 2927 8981 7002 4135 8114
263 8983 6890 3462 3139 2677 7201 2574 4194 4958 9526 6849 387 4160 9931 3301 52 2128 5853 3768 4563 699 7551 581 5926 7926 9431 1199
264 1247 1014 3259 785 1996 2950 9798 6233 6856 1908 6763 7005 2739 7763 5741 2754 847 8301 5328 9063 2197 5261 4561 8151 233
265 8657 8710 4802 5333 4286 8754 996 2961 2955 1861 3982 4985 1482 920 1173 5567 6938 6685 1284 1843 3577 5660 2819 9474 3305 4712
266 5532 4803 3295 8884 3443 3040 6312 4158 886 8347 2859 5909 3920 3512 6724 7003 8208 2932 8101 821 4593 486 6673 2786 8799
267 7984 4067 6748 4084 8711 9272 1836 2989 2725 3631 8989 5808 270 9630 2663 3615 8525 7749 2934 9950 856 1316 491 1350 7917
268 553 6155 7232 6016 3019 4356 4521 4997 972 5818 3488 782 1552 388 5884 6058 2898 9663 7263 6801 3426 6325 2828 5845 655 6090
269 4057 3618 1024 3757 2429 1440 1730 7097 4941 6585 3926 1885 1416 6384 302 1246 9532 1251 1827 6702 4222 1939 4827 2634
270 5149 108 8829 4784 1760 2644 5223 9531 6800 8159 9300 2413 7238 4727 3231 4911 3428 9319 1153 9977 2962 843 1270 2879 4347
271 3119 5113 1499 4697 6566 3871 5406 9274 5509 7928 5417 5962 1068 4955 4118 9144 7646 2222 9225 8045 181 8880 7371 9838 3232
272 8523 7120 4926 6657 6703 6212 9660 5142 8153 2539 3011 1892 8942 5642 6946 4187 5099 5892 1018 632 2248 6495 5372 126 7534
273 8386 9699 7867 4393 8239 106 5183 2799 6672 564 3981 4598 9876 379 2181 2402 864 1324 9369 5300 9557 9143 3289 119 1627
274 3878 276 6620 593 7408 6112 2161 893 7122 5018 7308 7919 5540 7898 4054 9706 5047 1755 4075 7714 235 1634 3467 6038 4916
275 314 1983 7798 1239 2106 4566 8840 8988 7039 4316 3629 3034 9668 3567 2806 1684 4513 5722 3626 2883 3909 390 3957 9558
276 3361 6463 7084 1123 4495 5435 2853 9854 7062 1228 7443 1744 3801 4676 6079 2227 8563 5267 6401 7594 1669 6713 5950 7470 3870
277 6600 9933 2578 3733 1521 4487 1871 5189 9087 9809 8115 643 5943 2798 507 6863 7098 3787 8344 8169 9170 9099 1295 2530 1635
278 5941 40 7579 3411 1203 6361 8627 2654 9970 3817 9833 9824 9707 8129 5056 5131 4894 4939 3739 2392 5819 9148 467 4345 9770
279 9820 4870 3410 2768 6622 2908 9415 1519 6609 301 3456 9010 3942 4373 3499 1789 8107 1733 8735 6089 2824 2559 6704 8228 5953 1921
280 551 8625 2253 9777 590 3439 5369 472 4921 4456 6024 5504 7171 8221 4780 4861 7685 3230 8427 6 3196 9422 696 2791
281 3833 1139 9621 6322 8756 8022 266 8944 4435 9372 6486 382 8908 9140 1941 7283 3965 4013 5381 3998 8979 556 4235 9418
282 5846 5472 9735 8277 4093 9485 5302 4263 1218 7195 8855 2404 8329 4815 5154 1625 1757 9519 5753 1031 197 509 587 2556 7341
283 3911 5115 1554 8418 1865 5253 3254 8258 7334 2495 3807 1504 8373 2327 3408 9083 7874 8280 3627 857 6222 31 3161 5851 1651
284 6729 6402 9273 6520 8375 6994 2233 6268 8245 4284 1102 305 6698 1088 9709 3255 658 315 5140 714 6136 7214 7885 531
285 9366 1148 2430 1588 7239 3480 8993 4679 38 4565 3415 32 9588 1828 5957 4595 7780 9132 9377 6053 3547 166 8514 7820
286 9942 7979 2573 6995 7488 3997 36 8974 991 2935 5847 7290 7310 3799 325 7762 8397 7085 5011 7287 1518 2572 3645 2936 7414
287 6245 3659 1429 6966 4673 9437 1610 1082 5096 1371 3251 6772 6629 7803 17 3638 8767 3966 1019 4790 3614 882 2371 6480 7264
288 9104 1862 6790 4587 8746 5396 8638 5322 4728 3310 3730 2615 7126 8972 6124 7314 3342 2002 1966 6887 1947 3355 1678 1235 9895
289 188 7724 9772 4278 5157 22 3532 7484 1002 1935 2811 9091 8190 3971 9070 3973 7446 1362 50 9221 6709 1486 4353 6647
290 5492 5377 7543 6822 9223 3489 1620 4726 3194 3134 8963 2939 7307 7630 2299 9726 1940 4626 2317 8965 1281 9001 5780 4256 5208
291 5889 5881 4249 7715 8791 1253 2061 5904 4127 9222 1029 713 2466 226 9480 3967 8361 6733 6239 6260 6920 8272 9349 711
292 9257 144 6973 9096 2609 9583 6331 392 7863 8536 9233 8109 9616 6714 9405 9730 4464 433 3861 732 5391 8750 1473 7187
293 7015 5127 6237 9773 7299 4315 2624 3078 300 5611 2645 7044 7499 4645 8259 5034 1234 3990 6899 1682 9947 4548 9544 8670
294 2874 4006 421 5990 5188 3170 9289 8309 9815 4869 7989 6253 7493 6226 6302 4865 6232 2458 9114 9108 5359 1937 1615 1106 849
295 3681 2459 229 8421 1542 6419 2001 3144 5501 5289 8345 1401 2237 1383 7353 7133 246 6095 3087 898 5337 7991 8484 4354 3529 4644
296 3258 2244 1737 5797 6643 4452 8700 7610 3392 6085 4603 2970 7564 1858 4143 463 7535 4968 8323 8306 6360 368 2901 7652
297 552 1772 4200 2569 2591 190 4577 4431 4914 3136 844 5268 3837 5393 9316 776 2159 8905 4850 6201 5398 9580 2134
298 4259 429 5456 6794 1004 2499 6675 1423 1168 8801 4511 3061 8355 9119 6400 7093 5697 5414 2190 932 8058 8164 5317 5204
299 1956 4239 3907 6485 3114 5639 8874 2909 7824 3147 1223 6448 8200 4043 8827 5179 7497 8408 8818 9766 7858 9293 4540 2611
300 2442 2042 5999 515 7800 6470 1555 2509 3273 5332 6996 5443 1272 303 5733 7826 6514 7092 7987 6797 9642 451 2215 8696
301 3534 5553 663 2801 745 6436 9178 1092 8967 5974 5720 7184 9387 1950 7447 7959 7434 5932 7602 8018 5918 836 5320
302 4122 8778 2051 6464 4231 3904 8262 7815 9993 2066 9694 1726 86 2485 1780 6839 9000 8071 8326 814 7791 8916 1399 9941
303 4568 6928 432 4165 5693 4394 9986 4885 4062 1395 4379 3199 8762 2979 3043 5498 2362 944 1455 1318 1951 4702 7029 1559 3006
304 9591 3324 4386 1604 7598 5312 3784 1852 4440 7560 5840 2666 4230 7673 3193 8016 5630 9834 1989 826 2618 6052 3970 5410 2107
305 7397 4217 5148 7259 8831 3427 4432 7472 54 1695 6601 4128 6282 4492 9534 9473 935 5143 3655 2638 7508 6397 4791 7947
306 5475 6935 3150 2166 2622 4692 5570 6860 9917 2370 9043 7035 274 6861 2975 4372 8705 1438 137 8706 4584 2571 1891 6732 3116
307 9635 5349 3992 589 8968 8914 1132 5547 822 4295 5427 5067 6539 6962 6853 279 7819 8635 4979 2269 3779 3719 9782 4576
308 2554 8547 4195 6379 7944 4454 6584 1096 3298 6367 9118 6670 1606 7273 7684 8098 6645 3133 8556 8522 9535 9971 3555
309 8678 9797 7109 1264 5682 5759 4575 6276 8917 1709 916 8807 6540 193 5464 1291 1273 6913 2074 1277 7154 6901 5375 6587 6202
310 1768 5129 2186 5144 4514 8718 8005 2689 1837 3515 9618 1314 7656 5648 1781 8304 6043 1077 506 8188 4746 8987 6883 503 4131
311 5934 3867 1890 1283 2096 5176 9442 4665 6997 7340 6721 3063 1713 4522 8082 2272 2127 9245 8853 4741 9805 1385 7997 5836
312 8740 8875 8936 2167 5353 2489 9436 4489 6651 7404 6508 6450 5546 2653 1450 3245 5858 8881 9608 6040 3859 9828 4422 4418
313 5528 5247 3442 7957 5201 380 9870 3813 9908 7838 7001 5767 9312 263 5272 8459 1476 8359 2025 2104 4517 1105 7066 7215
314 6265 7982 4715 4636 8410 5376 2274 2083 3277 9057 6809 6873 4488 2432 9671 4719 7507 1388 5019 1374 2422 4384 120 6942 4087
315 281 817 7992 5744 939 5748 6567 7473 8907 1126 6716 3896 8975 4103 326 4778 797 6517 4039 4196 65 9731 4111 63
316 3972 2384 3898 7842 7054 5887 2919 5601 5124 71 2500 3108 9794 335 4202 8795 9541 9146 3447 8555 5466 5667 8216 9478
317 8399 3694 462 7176 8201 4745 3887 8325 2651 7785 225 539 2251 6726 4493 8199 7325 7669 9496 3066 8567 4840 7861 6898
318 8870 8118 8234 7286 1238 4385 8238 6263 2122 6018 7043 4855 8860 8758 8921 2827 6880 267 2282 4961 205 9388 6656 722
319 2954 9606 1210 232 6395 8812 3683 4856 8284 6213 2056 4471 2888 64 3880 3916 6297 142 3578 8203 253 9463 6639 3818
320 1805 1675 6922 5901 1998 2289 3487 8369 1960 6298 1461 802 6334 5672 5139 7 8411 5234 1580 573 9767 845 7207
321 1285 659 6681 4694 7768 4799 1692 1158 6449 7247 1170 3211 9560 8116 2602 6896 6834 520 6981 4360 2703 769 7841 5638
322 2365 8733 4126 1677 7915 3544 4691 3986 1389 6728 2534 6895 5730 7889 2521 1803 6372 7017 5981 4287 6012 3218 9607 6479
323 8903 968 9484 9874 4975 6274 4413 7614 7771 6882 4343 4637 8759 5239 2488 5778 1157 3864 5657 6943 2105 7966 341 2084
324 9743 7481 6444 9242 1245 9186 290 5413 6999 5894 2817 9666 4232 2447 7027 8692 2628 8428 1527 4416 6929 6881 9330 2367
325 7871 9128 9627 4252 320 8249 4900 9067 1206 3360 4161 7893 4756 9077 1523 1850 4220 8079 9903 2095 3796 2807 6179
326 5903 5751 5940 7974 4282 8251 1304 5530 4101 4430 6337 3889 6545 7676 9928 829 6165 5735 8739 2926 5110 2357 870 5644
327 1704 3932 7603 2053 4969 8848 7038 1233 8857 7846 8436 1052 1469 3085 5060 9005 4007 8163 372 7644 5549 448 5779 8694
328 7251 5310 5308 7086 3625 9149 2243 353 4547 2682 3514 6432 8843 6759 7710 3935 3526 1500 9953 5805 5609 1001 3143
329 8166 5128 8751 5229 2637 3803 2303 6364 7802 2148 3893 1856 214 8960 4191 9611 8086 3924 4121 5232 7617 3522 3580 419
330 2069 9804 2535 6844 9407 7393 4889 9973 1000 140 2724 2617 9232 8497 3088 9429 1332 366 1110 5686 7604 4274 4586 1993
331 6888 4327 5258 9391 3079 7392 4031 8215 8552 5874 4551 4839 4800 2229 2473 6023 6243 2619 2732 8554 2779 3083 9296 9958
332 7475 9592 9816 3881 9394 4589 1317 9976 5550 2878 6291 8882 7700 1632 6120 9693 6019 9603 8902 1287 9613 6776 8167 960
333 5721 6961 3455 5522 572 7592 9885 59 1402 7300 5994 6624 1616 5810 2941 454 1478 5025 186 6086 7413 9987 6269 9192
334 8850 1756 1462 4183 3203 7693 3774 6574 7596 8426 9299 9197 386 8491 3372 6034 4755 9514 5702 6327 8024 2585 7911
335 8143 5483 8162 1133 6686 383 4736 9771 7873 6719 3220 9252 2708 613 646 3550 1343 2575 9450 4959 7164 321 2561 9600
336 227 3919 2323 2058 6057 720 9317 5951 4136 8661 9261 4277 2256 4244 285 1087 7571 5576 7967 6324 7478 7772 3554
337 2813 9039 6073 1095 6522 7869 3835 5480 8538 7346 5214 3576 4453 4853 9142 139 2117 2294 9759 8731 6947 4875
338 4944 5668 7177 3703 7866 6944 4396 2030 1880 9278 7344 3674 3814 7231 8056 2023 7686 5785 113 3239 3760 7764 9882
339 1924 4824 9515 1787 7988 1306 2538 7131 8144 2314 8883 6462 6376 7808 2131 9396 4709 708 2978 9253 6305 2444 5561
340 3027 2526 3680 4730 5303 9990 7024 360 9821 2818 3806 4312 1047 5692 535 7226 9402 7197 8535 6013 9748 2016 6422
341 915 6936 82 5883 4302 6369 2477 6097 8253 8844 6143 7586 9598 2945 801 6875 3809 8209 5765 1337 2537 6029 4526 2681
342 6959 667 9751 1969 8050 2021 1219 1189 1799 6178 4074 6742 5485 3602 4842 9965 3206 9061 6335 4271 852 2968 7134
343 498 170 7482 1055 2744 6550 8123 4497 2355 4601 522 2326 5447 4752 2639 7372 5364 614 4510 1119 6028 4585 6207
344 5908 9385 5658 73 9585 5772 8904 9562 636 3543 3944 6743 2889 4321 2271 8822 6031 6723 8836 9865 1629 7123 6625
345 8286 3866 8584 8320 4273 4630 6824 8677 2020 3771 8675 9196 775 884 3718 9028 6852 6139 8515 2514 5960 1551 6588
346 8592 3201 6283 6766 4298 5512 9339 6531 8505 2606 9 1866 3650 5419 8198 6004 3624 6241 7074 8994 4947 6737 2678
347 5865 7161 4227 8257 2136 5969 4792 2928 1320 6129 3175 8713 8707 5186 6777 8570 8382 876 5521 1474 9927 2829 977
348 1067 6407 4933 682 8920 739 4647 7009 2686 6006 5775 6180 7210 7127 3475 4234 3823 661 2398 1361 637 1738 411
349 6754 1964 5102 3804 1368 4758 1301 7284 7554 133 5075 4280 1673 4847 2344 1510 6805 9569 8606 8247 677 6633 4063
